Tue Dec  8 16:43:05 CET 2020
Opening instancias/p_hat300-2.clq.txt (300 nodes, 21928 edges)

LibGA Version 1.00
(c) Copyright Arthur L. Corcoran, 1992, 1993.  All rights reserved.

GA Configuration Information:
-----------------------------
Basic Info
   Random Seed       : 1493
   Data Type         : Bit
   Init Pool Entered : Randomly     
   Chromosome Length : 300
   Pool Size         : 300
   Number of Trials  : 1000 iterations, or until convergence
   Minimize          : No
   Elitism           : Yes
   Scale Factor      : 0

Functions
   GA          : generational (Gap = 0)
   Selection   : roulette 
   Crossover   : simple (Rate = 1)
   Mutation    : swap (Rate = 0.9)
   Replacement : append

Reports
   Type     : Short
   Interval : 1000
-----------------------------

Gener    Min      Max      Ave    Variance  Std Dev  Tot Fit    Best 
-----  -------  -------  -------  --------  -------  -------  -------
    0  0.224042  0.273263    0.245  7.53E-05  0.00868  73.4986  0.273263
    1  0.233444  0.273263     0.25  5.25E-05  0.00725  74.9214  0.273263
 1000  0.481884     0.54    0.539  2.96E-05  0.00544  161.835     0.54

The specified number of iterations has been reached.

Best: 0 0 0 0 0 0 0 0 0 0 0 0 0 0 0 0 0 0 0 0 
      1 0 0 0 0 0 0 0 0 0 0 0 0 0 0 0 0 1 0 0 
      0 0 0 1 0 0 0 1 1 0 0 0 0 0 0 1 0 0 0 0 
      0 0 0 0 0 0 0 0 0 0 0 0 0 0 1 1 0 0 1 0 
      0 0 0 0 0 0 0 0 1 0 0 0 0 0 0 0 0 0 0 0 
      0 0 0 1 0 0 0 0 0 0 0 0 0 0 0 0 0 0 0 0 
      0 0 0 0 0 0 0 0 0 0 0 0 0 0 0 0 0 0 1 0 
      0 0 0 0 0 0 0 0 0 0 0 0 0 0 0 0 0 0 1 0 
      0 0 0 0 0 0 0 0 0 0 0 0 0 1 0 0 0 0 1 0 
      0 0 0 0 0 0 0 0 0 1 0 0 0 0 0 0 0 0 0 0 
      0 0 0 0 1 0 0 0 0 0 0 0 0 0 0 0 0 0 0 0 
      0 0 0 0 0 0 0 0 0 0 0 0 0 0 0 0 1 0 0 0 
      0 0 0 0 0 0 0 0 0 0 0 0 0 0 1 0 0 0 1 0 
      0 1 0 0 0 0 0 0 0 0 0 0 0 1 0 0 0 0 0 1 
      0 0 0 0 0 0 0 0 0 0 0 0 0 0 0 1 0 0 0 0  (0.54)


Best chrom:  0.0000  0.0000  0.0000  0.0000  0.0000  0.0000  0.0000  0.0000  0.0000  0.0000  0.0000  0.0000  0.0000  0.0000  0.0000  0.0000  0.0000  0.0000  0.0000  0.0000  1.0000  0.0000  0.0000  0.0000  0.0000  0.0000  0.0000  0.0000  0.0000  0.0000  0.0000  0.0000  0.0000  0.0000  0.0000  0.0000  0.0000  1.0000  0.0000  0.0000  0.0000  0.0000  0.0000  1.0000  0.0000  0.0000  0.0000  1.0000  1.0000  0.0000  0.0000  0.0000  0.0000  0.0000  0.0000  1.0000  0.0000  0.0000  0.0000  0.0000  0.0000  0.0000  0.0000  0.0000  0.0000  0.0000  0.0000  0.0000  0.0000  0.0000  0.0000  0.0000  0.0000  0.0000  1.0000  1.0000  0.0000  0.0000  1.0000  0.0000  0.0000  0.0000  0.0000  0.0000  0.0000  0.0000  0.0000  0.0000  1.0000  0.0000  0.0000  0.0000  0.0000  0.0000  0.0000  0.0000  0.0000  0.0000  0.0000  0.0000  0.0000  0.0000  0.0000  1.0000  0.0000  0.0000  0.0000  0.0000  0.0000  0.0000  0.0000  0.0000  0.0000  0.0000  0.0000  0.0000  0.0000  0.0000  0.0000  0.0000  0.0000  0.0000  0.0000  0.0000  0.0000  0.0000  0.0000  0.0000  0.0000  0.0000  0.0000  0.0000  0.0000  0.0000  0.0000  0.0000  0.0000  0.0000  1.0000  0.0000  0.0000  0.0000  0.0000  0.0000  0.0000  0.0000  0.0000  0.0000  0.0000  0.0000  0.0000  0.0000  0.0000  0.0000  0.0000  0.0000  0.0000  0.0000  1.0000  0.0000  0.0000  0.0000  0.0000  0.0000  0.0000  0.0000  0.0000  0.0000  0.0000  0.0000  0.0000  0.0000  0.0000  1.0000  0.0000  0.0000  0.0000  0.0000  1.0000  0.0000  0.0000  0.0000  0.0000  0.0000  0.0000  0.0000  0.0000  0.0000  0.0000  1.0000  0.0000  0.0000  0.0000  0.0000  0.0000  0.0000  0.0000  0.0000  0.0000  0.0000  0.0000  0.0000  0.0000  0.0000  1.0000  0.0000  0.0000  0.0000  0.0000  0.0000  0.0000  0.0000  0.0000  0.0000  0.0000  0.0000  0.0000  0.0000  0.0000  0.0000  0.0000  0.0000  0.0000  0.0000  0.0000  0.0000  0.0000  0.0000  0.0000  0.0000  0.0000  0.0000  0.0000  0.0000  0.0000  0.0000  1.0000  0.0000  0.0000  0.0000  0.0000  0.0000  0.0000  0.0000  0.0000  0.0000  0.0000  0.0000  0.0000  0.0000  0.0000  0.0000  0.0000  0.0000  1.0000  0.0000  0.0000  0.0000  1.0000  0.0000  0.0000  1.0000  0.0000  0.0000  0.0000  0.0000  0.0000  0.0000  0.0000  0.0000  0.0000  0.0000  0.0000  1.0000  0.0000  0.0000  0.0000  0.0000  0.0000  1.0000  0.0000  0.0000  0.0000  0.0000  0.0000  0.0000  0.0000  0.0000  0.0000  0.0000  0.0000  0.0000  0.0000  0.0000  0.0000  1.0000  0.0000  0.0000  0.0000  0.0000     (fitness: 0.54)

------------------- ¡CLIQUE ENCONTRADO DE 24! :) ------------------- 

************************************
------------------------------------
************************************
Opening instancias/p_hat300-2.clq.txt (300 nodes, 21928 edges)

LibGA Version 1.00
(c) Copyright Arthur L. Corcoran, 1992, 1993.  All rights reserved.

GA Configuration Information:
-----------------------------
Basic Info
   Random Seed       : 1494
   Data Type         : Bit
   Init Pool Entered : Randomly     
   Chromosome Length : 300
   Pool Size         : 300
   Number of Trials  : 1000 iterations, or until convergence
   Minimize          : No
   Elitism           : Yes
   Scale Factor      : 0

Functions
   GA          : generational (Gap = 0)
   Selection   : roulette 
   Crossover   : simple (Rate = 1)
   Mutation    : swap (Rate = 0.9)
   Replacement : append

Reports
   Type     : Short
   Interval : 1000
-----------------------------

Gener    Min      Max      Ave    Variance  Std Dev  Tot Fit    Best 
-----  -------  -------  -------  --------  -------  -------  -------
    0  0.218357  0.265672    0.244  8.14E-05  0.00902  73.1203  0.265672
    1  0.226923  0.271503    0.249  6.06E-05  0.00779  74.7334  0.271503
 1000  0.478355  0.536667    0.536  3.28E-05  0.00573  160.775  0.536667

The specified number of iterations has been reached.

Best: 0 0 0 1 0 0 0 0 0 0 0 0 0 0 0 0 0 0 0 0 
      0 0 0 0 0 0 0 0 0 0 0 0 0 0 0 0 0 0 0 1 
      0 0 0 0 0 0 0 1 1 0 0 0 0 0 0 1 0 0 0 0 
      0 0 0 0 0 0 0 0 0 0 0 0 0 0 0 1 0 0 0 0 
      0 0 0 0 0 0 0 0 1 0 0 0 0 0 0 0 0 0 0 0 
      0 0 0 0 0 0 0 0 0 0 0 0 0 0 0 0 0 0 0 0 
      0 0 0 0 0 0 0 0 0 0 0 0 0 0 0 0 0 0 1 0 
      0 0 0 0 0 0 0 0 1 0 0 0 0 0 0 0 0 0 1 0 
      0 0 0 0 0 0 0 0 0 0 0 0 0 0 0 0 0 0 0 0 
      0 0 0 0 0 0 0 0 0 1 0 0 0 0 0 0 0 0 1 0 
      0 0 0 0 1 0 0 0 0 0 0 0 0 0 0 0 0 0 0 0 
      0 0 0 0 0 1 0 0 0 0 1 0 0 0 1 0 1 0 0 0 
      0 0 0 0 0 0 0 0 0 0 0 0 0 0 1 0 0 0 0 0 
      0 0 0 0 0 0 0 0 0 0 0 0 1 0 0 0 0 0 0 0 
      0 0 0 0 0 0 0 0 0 1 0 0 1 0 0 1 0 0 0 0  (0.536667)


Best chrom:  0.0000  0.0000  0.0000  1.0000  0.0000  0.0000  0.0000  0.0000  0.0000  0.0000  0.0000  0.0000  0.0000  0.0000  0.0000  0.0000  0.0000  0.0000  0.0000  0.0000  0.0000  0.0000  0.0000  0.0000  0.0000  0.0000  0.0000  0.0000  0.0000  0.0000  0.0000  0.0000  0.0000  0.0000  0.0000  0.0000  0.0000  0.0000  0.0000  1.0000  0.0000  0.0000  0.0000  0.0000  0.0000  0.0000  0.0000  1.0000  1.0000  0.0000  0.0000  0.0000  0.0000  0.0000  0.0000  1.0000  0.0000  0.0000  0.0000  0.0000  0.0000  0.0000  0.0000  0.0000  0.0000  0.0000  0.0000  0.0000  0.0000  0.0000  0.0000  0.0000  0.0000  0.0000  0.0000  1.0000  0.0000  0.0000  0.0000  0.0000  0.0000  0.0000  0.0000  0.0000  0.0000  0.0000  0.0000  0.0000  1.0000  0.0000  0.0000  0.0000  0.0000  0.0000  0.0000  0.0000  0.0000  0.0000  0.0000  0.0000  0.0000  0.0000  0.0000  0.0000  0.0000  0.0000  0.0000  0.0000  0.0000  0.0000  0.0000  0.0000  0.0000  0.0000  0.0000  0.0000  0.0000  0.0000  0.0000  0.0000  0.0000  0.0000  0.0000  0.0000  0.0000  0.0000  0.0000  0.0000  0.0000  0.0000  0.0000  0.0000  0.0000  0.0000  0.0000  0.0000  0.0000  0.0000  1.0000  0.0000  0.0000  0.0000  0.0000  0.0000  0.0000  0.0000  0.0000  0.0000  1.0000  0.0000  0.0000  0.0000  0.0000  0.0000  0.0000  0.0000  0.0000  0.0000  1.0000  0.0000  0.0000  0.0000  0.0000  0.0000  0.0000  0.0000  0.0000  0.0000  0.0000  0.0000  0.0000  0.0000  0.0000  0.0000  0.0000  0.0000  0.0000  0.0000  0.0000  0.0000  0.0000  0.0000  0.0000  0.0000  0.0000  0.0000  0.0000  0.0000  0.0000  1.0000  0.0000  0.0000  0.0000  0.0000  0.0000  0.0000  0.0000  0.0000  1.0000  0.0000  0.0000  0.0000  0.0000  0.0000  1.0000  0.0000  0.0000  0.0000  0.0000  0.0000  0.0000  0.0000  0.0000  0.0000  0.0000  0.0000  0.0000  0.0000  0.0000  0.0000  0.0000  0.0000  0.0000  0.0000  0.0000  1.0000  0.0000  0.0000  0.0000  0.0000  1.0000  0.0000  0.0000  0.0000  1.0000  0.0000  1.0000  0.0000  0.0000  0.0000  0.0000  0.0000  0.0000  0.0000  0.0000  0.0000  0.0000  0.0000  0.0000  0.0000  0.0000  0.0000  0.0000  0.0000  1.0000  0.0000  0.0000  0.0000  0.0000  0.0000  0.0000  0.0000  0.0000  0.0000  0.0000  0.0000  0.0000  0.0000  0.0000  0.0000  0.0000  0.0000  1.0000  0.0000  0.0000  0.0000  0.0000  0.0000  0.0000  0.0000  0.0000  0.0000  0.0000  0.0000  0.0000  0.0000  0.0000  0.0000  0.0000  1.0000  0.0000  0.0000  1.0000  0.0000  0.0000  1.0000  0.0000  0.0000  0.0000  0.0000     (fitness: 0.536667)

------------------- ¡CLIQUE ENCONTRADO DE 22! :) ------------------- 

************************************
------------------------------------
************************************
Opening instancias/p_hat300-2.clq.txt (300 nodes, 21928 edges)

LibGA Version 1.00
(c) Copyright Arthur L. Corcoran, 1992, 1993.  All rights reserved.

GA Configuration Information:
-----------------------------
Basic Info
   Random Seed       : 1495
   Data Type         : Bit
   Init Pool Entered : Randomly     
   Chromosome Length : 300
   Pool Size         : 300
   Number of Trials  : 1000 iterations, or until convergence
   Minimize          : No
   Elitism           : Yes
   Scale Factor      : 0

Functions
   GA          : generational (Gap = 0)
   Selection   : roulette 
   Crossover   : simple (Rate = 1)
   Mutation    : swap (Rate = 0.9)
   Replacement : append

Reports
   Type     : Short
   Interval : 1000
-----------------------------

Gener    Min      Max      Ave    Variance  Std Dev  Tot Fit    Best 
-----  -------  -------  -------  --------  -------  -------  -------
    0  0.224416  0.268331    0.244  6.53E-05  0.00808  73.2774  0.268331
    1  0.226927  0.269293     0.25  5.94E-05  0.00771   75.084  0.269293
 1000    0.535    0.535    0.535         0        0    160.5    0.535

The specified number of iterations has been reached.

Best: 0 0 0 1 0 0 0 0 0 0 0 0 0 0 0 0 0 0 0 0 
      0 0 0 0 0 1 0 0 0 0 0 0 0 0 0 0 0 1 0 0 
      0 0 0 0 0 0 0 1 1 0 0 0 0 0 0 1 0 0 0 0 
      0 0 0 0 0 0 0 0 0 0 0 0 0 0 1 1 0 0 1 0 
      0 0 0 0 0 0 0 0 0 0 0 0 0 0 0 0 0 0 0 0 
      0 0 0 0 0 0 1 0 0 0 0 0 0 0 0 0 0 0 0 0 
      0 0 0 0 0 0 0 0 0 0 0 0 0 0 0 0 0 0 0 0 
      0 0 0 0 0 0 0 0 0 0 0 0 0 0 0 0 0 0 1 0 
      0 0 0 0 1 0 0 0 0 0 0 0 0 0 0 0 0 0 1 0 
      0 0 0 0 0 0 0 0 0 0 0 0 0 0 0 0 0 0 0 1 
      0 0 0 0 1 0 0 0 0 0 0 0 0 0 0 0 0 0 1 0 
      0 0 0 0 0 1 0 0 0 0 0 0 0 0 0 0 0 0 0 0 
      0 0 0 0 0 0 0 0 0 0 0 0 0 0 1 0 0 0 0 0 
      0 0 0 0 0 0 0 1 0 0 0 0 0 1 0 0 0 0 0 1 
      0 0 0 0 0 0 0 0 0 0 0 0 0 0 0 0 0 0 0 0  (0.535)


Best chrom:  0.0000  0.0000  0.0000  1.0000  0.0000  0.0000  0.0000  0.0000  0.0000  0.0000  0.0000  0.0000  0.0000  0.0000  0.0000  0.0000  0.0000  0.0000  0.0000  0.0000  0.0000  0.0000  0.0000  0.0000  0.0000  1.0000  0.0000  0.0000  0.0000  0.0000  0.0000  0.0000  0.0000  0.0000  0.0000  0.0000  0.0000  1.0000  0.0000  0.0000  0.0000  0.0000  0.0000  0.0000  0.0000  0.0000  0.0000  1.0000  1.0000  0.0000  0.0000  0.0000  0.0000  0.0000  0.0000  1.0000  0.0000  0.0000  0.0000  0.0000  0.0000  0.0000  0.0000  0.0000  0.0000  0.0000  0.0000  0.0000  0.0000  0.0000  0.0000  0.0000  0.0000  0.0000  1.0000  1.0000  0.0000  0.0000  1.0000  0.0000  0.0000  0.0000  0.0000  0.0000  0.0000  0.0000  0.0000  0.0000  0.0000  0.0000  0.0000  0.0000  0.0000  0.0000  0.0000  0.0000  0.0000  0.0000  0.0000  0.0000  0.0000  0.0000  0.0000  0.0000  0.0000  0.0000  1.0000  0.0000  0.0000  0.0000  0.0000  0.0000  0.0000  0.0000  0.0000  0.0000  0.0000  0.0000  0.0000  0.0000  0.0000  0.0000  0.0000  0.0000  0.0000  0.0000  0.0000  0.0000  0.0000  0.0000  0.0000  0.0000  0.0000  0.0000  0.0000  0.0000  0.0000  0.0000  0.0000  0.0000  0.0000  0.0000  0.0000  0.0000  0.0000  0.0000  0.0000  0.0000  0.0000  0.0000  0.0000  0.0000  0.0000  0.0000  0.0000  0.0000  0.0000  0.0000  1.0000  0.0000  0.0000  0.0000  0.0000  0.0000  1.0000  0.0000  0.0000  0.0000  0.0000  0.0000  0.0000  0.0000  0.0000  0.0000  0.0000  0.0000  0.0000  0.0000  1.0000  0.0000  0.0000  0.0000  0.0000  0.0000  0.0000  0.0000  0.0000  0.0000  0.0000  0.0000  0.0000  0.0000  0.0000  0.0000  0.0000  0.0000  0.0000  0.0000  0.0000  1.0000  0.0000  0.0000  0.0000  0.0000  1.0000  0.0000  0.0000  0.0000  0.0000  0.0000  0.0000  0.0000  0.0000  0.0000  0.0000  0.0000  0.0000  0.0000  1.0000  0.0000  0.0000  0.0000  0.0000  0.0000  0.0000  1.0000  0.0000  0.0000  0.0000  0.0000  0.0000  0.0000  0.0000  0.0000  0.0000  0.0000  0.0000  0.0000  0.0000  0.0000  0.0000  0.0000  0.0000  0.0000  0.0000  0.0000  0.0000  0.0000  0.0000  0.0000  0.0000  0.0000  0.0000  0.0000  1.0000  0.0000  0.0000  0.0000  0.0000  0.0000  0.0000  0.0000  0.0000  0.0000  0.0000  0.0000  0.0000  1.0000  0.0000  0.0000  0.0000  0.0000  0.0000  1.0000  0.0000  0.0000  0.0000  0.0000  0.0000  1.0000  0.0000  0.0000  0.0000  0.0000  0.0000  0.0000  0.0000  0.0000  0.0000  0.0000  0.0000  0.0000  0.0000  0.0000  0.0000  0.0000  0.0000  0.0000  0.0000  0.0000     (fitness: 0.535)

------------------- ¡CLIQUE ENCONTRADO DE 21! :) ------------------- 

************************************
------------------------------------
************************************
Opening instancias/p_hat300-2.clq.txt (300 nodes, 21928 edges)

LibGA Version 1.00
(c) Copyright Arthur L. Corcoran, 1992, 1993.  All rights reserved.

GA Configuration Information:
-----------------------------
Basic Info
   Random Seed       : 1496
   Data Type         : Bit
   Init Pool Entered : Randomly     
   Chromosome Length : 300
   Pool Size         : 300
   Number of Trials  : 1000 iterations, or until convergence
   Minimize          : No
   Elitism           : Yes
   Scale Factor      : 0

Functions
   GA          : generational (Gap = 0)
   Selection   : roulette 
   Crossover   : simple (Rate = 1)
   Mutation    : swap (Rate = 0.9)
   Replacement : append

Reports
   Type     : Short
   Interval : 1000
-----------------------------

Gener    Min      Max      Ave    Variance  Std Dev  Tot Fit    Best 
-----  -------  -------  -------  --------  -------  -------  -------
    0  0.218837  0.272272    0.244  7.34E-05  0.00857  73.3355  0.272272
    1  0.232062  0.272287    0.251   6.1E-05  0.00781  75.3372  0.272287
 1000  0.489474  0.533333    0.533  1.63E-05  0.00403  159.879  0.533333

The specified number of iterations has been reached.

Best: 0 0 0 0 0 0 0 0 0 0 0 0 0 0 0 0 0 0 0 0 
      1 0 0 0 0 0 0 0 0 0 0 0 0 0 0 0 0 1 0 0 
      0 0 0 0 0 0 0 1 0 0 0 0 0 0 0 1 0 0 0 0 
      0 0 0 0 0 0 0 0 0 0 0 0 0 0 0 1 0 0 1 0 
      0 0 1 0 0 0 0 0 0 0 0 0 0 0 0 0 0 0 0 0 
      0 0 0 1 0 0 1 0 0 0 0 0 0 0 0 0 0 0 0 0 
      0 0 0 0 0 0 0 0 0 0 0 0 0 0 0 0 0 0 0 0 
      0 0 0 0 0 0 0 0 0 0 0 0 1 0 0 0 0 0 1 0 
      0 0 0 0 0 0 0 0 0 0 0 0 0 0 0 0 0 0 1 0 
      0 0 0 0 0 0 0 0 0 0 0 1 0 0 0 0 0 0 0 0 
      0 0 0 0 0 0 0 0 1 0 0 0 0 0 0 0 0 0 0 0 
      0 0 0 0 0 0 0 0 0 0 0 0 0 0 0 0 0 0 0 0 
      0 0 0 0 0 0 0 0 0 0 0 0 0 0 1 0 0 0 1 0 
      0 1 0 0 0 0 0 0 0 0 0 0 0 1 0 0 0 0 0 1 
      0 0 0 0 0 0 0 0 0 0 0 0 0 0 0 1 0 0 0 0  (0.533333)


Best chrom:  0.0000  0.0000  0.0000  0.0000  0.0000  0.0000  0.0000  0.0000  0.0000  0.0000  0.0000  0.0000  0.0000  0.0000  0.0000  0.0000  0.0000  0.0000  0.0000  0.0000  1.0000  0.0000  0.0000  0.0000  0.0000  0.0000  0.0000  0.0000  0.0000  0.0000  0.0000  0.0000  0.0000  0.0000  0.0000  0.0000  0.0000  1.0000  0.0000  0.0000  0.0000  0.0000  0.0000  0.0000  0.0000  0.0000  0.0000  1.0000  0.0000  0.0000  0.0000  0.0000  0.0000  0.0000  0.0000  1.0000  0.0000  0.0000  0.0000  0.0000  0.0000  0.0000  0.0000  0.0000  0.0000  0.0000  0.0000  0.0000  0.0000  0.0000  0.0000  0.0000  0.0000  0.0000  0.0000  1.0000  0.0000  0.0000  1.0000  0.0000  0.0000  0.0000  1.0000  0.0000  0.0000  0.0000  0.0000  0.0000  0.0000  0.0000  0.0000  0.0000  0.0000  0.0000  0.0000  0.0000  0.0000  0.0000  0.0000  0.0000  0.0000  0.0000  0.0000  1.0000  0.0000  0.0000  1.0000  0.0000  0.0000  0.0000  0.0000  0.0000  0.0000  0.0000  0.0000  0.0000  0.0000  0.0000  0.0000  0.0000  0.0000  0.0000  0.0000  0.0000  0.0000  0.0000  0.0000  0.0000  0.0000  0.0000  0.0000  0.0000  0.0000  0.0000  0.0000  0.0000  0.0000  0.0000  0.0000  0.0000  0.0000  0.0000  0.0000  0.0000  0.0000  0.0000  0.0000  0.0000  0.0000  0.0000  0.0000  0.0000  1.0000  0.0000  0.0000  0.0000  0.0000  0.0000  1.0000  0.0000  0.0000  0.0000  0.0000  0.0000  0.0000  0.0000  0.0000  0.0000  0.0000  0.0000  0.0000  0.0000  0.0000  0.0000  0.0000  0.0000  0.0000  0.0000  1.0000  0.0000  0.0000  0.0000  0.0000  0.0000  0.0000  0.0000  0.0000  0.0000  0.0000  0.0000  0.0000  1.0000  0.0000  0.0000  0.0000  0.0000  0.0000  0.0000  0.0000  0.0000  0.0000  0.0000  0.0000  0.0000  0.0000  0.0000  0.0000  0.0000  1.0000  0.0000  0.0000  0.0000  0.0000  0.0000  0.0000  0.0000  0.0000  0.0000  0.0000  0.0000  0.0000  0.0000  0.0000  0.0000  0.0000  0.0000  0.0000  0.0000  0.0000  0.0000  0.0000  0.0000  0.0000  0.0000  0.0000  0.0000  0.0000  0.0000  0.0000  0.0000  0.0000  0.0000  0.0000  0.0000  0.0000  0.0000  0.0000  0.0000  0.0000  0.0000  0.0000  0.0000  0.0000  0.0000  1.0000  0.0000  0.0000  0.0000  1.0000  0.0000  0.0000  1.0000  0.0000  0.0000  0.0000  0.0000  0.0000  0.0000  0.0000  0.0000  0.0000  0.0000  0.0000  1.0000  0.0000  0.0000  0.0000  0.0000  0.0000  1.0000  0.0000  0.0000  0.0000  0.0000  0.0000  0.0000  0.0000  0.0000  0.0000  0.0000  0.0000  0.0000  0.0000  0.0000  0.0000  1.0000  0.0000  0.0000  0.0000  0.0000     (fitness: 0.533333)

------------------- ¡CLIQUE ENCONTRADO DE 20! :) ------------------- 

************************************
------------------------------------
************************************
Opening instancias/p_hat300-2.clq.txt (300 nodes, 21928 edges)

LibGA Version 1.00
(c) Copyright Arthur L. Corcoran, 1992, 1993.  All rights reserved.

GA Configuration Information:
-----------------------------
Basic Info
   Random Seed       : 1497
   Data Type         : Bit
   Init Pool Entered : Randomly     
   Chromosome Length : 300
   Pool Size         : 300
   Number of Trials  : 1000 iterations, or until convergence
   Minimize          : No
   Elitism           : Yes
   Scale Factor      : 0

Functions
   GA          : generational (Gap = 0)
   Selection   : roulette 
   Crossover   : simple (Rate = 1)
   Mutation    : swap (Rate = 0.9)
   Replacement : append

Reports
   Type     : Short
   Interval : 1000
-----------------------------

Gener    Min      Max      Ave    Variance  Std Dev  Tot Fit    Best 
-----  -------  -------  -------  --------  -------  -------  -------
    0  0.219243  0.271002    0.244  6.93E-05  0.00833  73.2651  0.271002
    1  0.227938  0.271002    0.249   4.5E-05  0.00671  74.7483  0.271002
 1000  0.487013  0.536667    0.536  2.18E-05  0.00467   160.86  0.536667

The specified number of iterations has been reached.

Best: 0 0 0 0 0 0 0 0 0 0 0 0 0 0 0 0 0 0 0 0 
      0 0 0 0 0 0 0 0 0 0 0 0 0 0 0 0 0 0 0 0 
      0 0 0 1 0 0 0 1 1 0 0 0 0 0 0 1 0 0 0 0 
      0 0 0 0 0 0 0 0 0 0 0 0 0 0 1 1 0 0 0 0 
      0 0 0 0 0 0 0 0 1 0 0 0 0 0 0 0 0 0 0 0 
      0 0 0 1 0 0 0 0 0 0 0 0 0 0 0 0 0 0 0 0 
      0 0 0 0 0 0 0 0 0 0 0 0 0 0 0 0 0 0 0 0 
      0 0 0 0 0 0 0 0 1 0 0 0 0 0 0 0 0 0 1 0 
      0 0 0 0 0 0 0 0 0 0 0 0 0 0 0 0 0 0 1 0 
      0 0 0 0 0 0 0 0 0 1 0 0 0 0 0 0 0 0 0 0 
      0 0 0 0 1 0 0 0 0 0 0 0 0 0 0 0 0 0 0 0 
      0 0 0 0 0 0 0 0 0 0 0 0 0 0 1 0 1 0 0 0 
      0 0 0 0 0 0 0 0 0 0 1 0 0 0 1 0 0 0 1 0 
      0 1 0 0 0 0 0 0 0 0 0 0 0 1 0 0 0 0 0 1 
      0 0 0 0 0 0 0 0 0 0 0 0 0 0 0 1 0 0 0 0  (0.536667)


Best chrom:  0.0000  0.0000  0.0000  0.0000  0.0000  0.0000  0.0000  0.0000  0.0000  0.0000  0.0000  0.0000  0.0000  0.0000  0.0000  0.0000  0.0000  0.0000  0.0000  0.0000  0.0000  0.0000  0.0000  0.0000  0.0000  0.0000  0.0000  0.0000  0.0000  0.0000  0.0000  0.0000  0.0000  0.0000  0.0000  0.0000  0.0000  0.0000  0.0000  0.0000  0.0000  0.0000  0.0000  1.0000  0.0000  0.0000  0.0000  1.0000  1.0000  0.0000  0.0000  0.0000  0.0000  0.0000  0.0000  1.0000  0.0000  0.0000  0.0000  0.0000  0.0000  0.0000  0.0000  0.0000  0.0000  0.0000  0.0000  0.0000  0.0000  0.0000  0.0000  0.0000  0.0000  0.0000  1.0000  1.0000  0.0000  0.0000  0.0000  0.0000  0.0000  0.0000  0.0000  0.0000  0.0000  0.0000  0.0000  0.0000  1.0000  0.0000  0.0000  0.0000  0.0000  0.0000  0.0000  0.0000  0.0000  0.0000  0.0000  0.0000  0.0000  0.0000  0.0000  1.0000  0.0000  0.0000  0.0000  0.0000  0.0000  0.0000  0.0000  0.0000  0.0000  0.0000  0.0000  0.0000  0.0000  0.0000  0.0000  0.0000  0.0000  0.0000  0.0000  0.0000  0.0000  0.0000  0.0000  0.0000  0.0000  0.0000  0.0000  0.0000  0.0000  0.0000  0.0000  0.0000  0.0000  0.0000  0.0000  0.0000  0.0000  0.0000  0.0000  0.0000  0.0000  0.0000  0.0000  0.0000  1.0000  0.0000  0.0000  0.0000  0.0000  0.0000  0.0000  0.0000  0.0000  0.0000  1.0000  0.0000  0.0000  0.0000  0.0000  0.0000  0.0000  0.0000  0.0000  0.0000  0.0000  0.0000  0.0000  0.0000  0.0000  0.0000  0.0000  0.0000  0.0000  0.0000  1.0000  0.0000  0.0000  0.0000  0.0000  0.0000  0.0000  0.0000  0.0000  0.0000  0.0000  1.0000  0.0000  0.0000  0.0000  0.0000  0.0000  0.0000  0.0000  0.0000  0.0000  0.0000  0.0000  0.0000  0.0000  0.0000  1.0000  0.0000  0.0000  0.0000  0.0000  0.0000  0.0000  0.0000  0.0000  0.0000  0.0000  0.0000  0.0000  0.0000  0.0000  0.0000  0.0000  0.0000  0.0000  0.0000  0.0000  0.0000  0.0000  0.0000  0.0000  0.0000  0.0000  0.0000  0.0000  0.0000  1.0000  0.0000  1.0000  0.0000  0.0000  0.0000  0.0000  0.0000  0.0000  0.0000  0.0000  0.0000  0.0000  0.0000  0.0000  0.0000  1.0000  0.0000  0.0000  0.0000  1.0000  0.0000  0.0000  0.0000  1.0000  0.0000  0.0000  1.0000  0.0000  0.0000  0.0000  0.0000  0.0000  0.0000  0.0000  0.0000  0.0000  0.0000  0.0000  1.0000  0.0000  0.0000  0.0000  0.0000  0.0000  1.0000  0.0000  0.0000  0.0000  0.0000  0.0000  0.0000  0.0000  0.0000  0.0000  0.0000  0.0000  0.0000  0.0000  0.0000  0.0000  1.0000  0.0000  0.0000  0.0000  0.0000     (fitness: 0.536667)

------------------- ¡CLIQUE ENCONTRADO DE 22! :) ------------------- 

************************************
------------------------------------
************************************
Opening instancias/p_hat300-2.clq.txt (300 nodes, 21928 edges)

LibGA Version 1.00
(c) Copyright Arthur L. Corcoran, 1992, 1993.  All rights reserved.

GA Configuration Information:
-----------------------------
Basic Info
   Random Seed       : 1498
   Data Type         : Bit
   Init Pool Entered : Randomly     
   Chromosome Length : 300
   Pool Size         : 300
   Number of Trials  : 1000 iterations, or until convergence
   Minimize          : No
   Elitism           : Yes
   Scale Factor      : 0

Functions
   GA          : generational (Gap = 0)
   Selection   : roulette 
   Crossover   : simple (Rate = 1)
   Mutation    : swap (Rate = 0.9)
   Replacement : append

Reports
   Type     : Short
   Interval : 1000
-----------------------------

Gener    Min      Max      Ave    Variance  Std Dev  Tot Fit    Best 
-----  -------  -------  -------  --------  -------  -------  -------
    0  0.21304  0.27045    0.244   7.1E-05  0.00842  73.1848  0.27045
    1  0.232178  0.27045    0.249   4.5E-05  0.00671  74.6365  0.27045
 1000  0.491342  0.536667    0.536  1.98E-05  0.00445  160.865  0.536667

The specified number of iterations has been reached.

Best: 0 0 0 0 0 0 0 0 0 0 0 0 0 0 0 0 0 0 0 0 
      0 0 0 0 0 0 0 0 0 0 0 0 0 0 0 0 0 1 0 0 
      0 0 0 1 0 0 0 1 1 0 0 0 0 1 0 1 0 0 0 0 
      0 0 0 0 0 0 0 0 0 0 0 0 0 0 1 1 0 0 0 0 
      0 0 0 0 0 0 0 0 1 0 0 0 0 0 0 0 0 0 0 0 
      0 0 0 0 0 0 0 0 0 0 0 0 0 0 0 0 0 0 0 0 
      0 0 0 0 0 1 0 0 0 0 0 0 0 0 0 0 0 0 1 0 
      0 0 0 0 0 0 0 0 0 0 0 0 0 0 0 0 0 0 1 0 
      0 0 0 0 0 0 0 0 0 0 0 0 0 1 0 0 0 0 0 0 
      0 0 0 0 0 0 0 0 0 0 0 0 0 0 0 0 0 0 0 0 
      0 0 0 0 1 0 0 0 0 0 0 0 0 0 0 0 0 0 0 0 
      0 0 0 0 0 0 0 0 0 0 1 0 0 0 0 0 1 0 0 0 
      0 0 0 0 0 0 0 0 0 0 0 0 0 0 1 0 0 0 1 0 
      0 1 0 0 0 0 0 0 0 0 0 0 1 1 0 0 0 0 0 0 
      0 0 0 0 0 0 0 0 0 0 0 0 0 0 0 1 0 0 0 0  (0.536667)


Best chrom:  0.0000  0.0000  0.0000  0.0000  0.0000  0.0000  0.0000  0.0000  0.0000  0.0000  0.0000  0.0000  0.0000  0.0000  0.0000  0.0000  0.0000  0.0000  0.0000  0.0000  0.0000  0.0000  0.0000  0.0000  0.0000  0.0000  0.0000  0.0000  0.0000  0.0000  0.0000  0.0000  0.0000  0.0000  0.0000  0.0000  0.0000  1.0000  0.0000  0.0000  0.0000  0.0000  0.0000  1.0000  0.0000  0.0000  0.0000  1.0000  1.0000  0.0000  0.0000  0.0000  0.0000  1.0000  0.0000  1.0000  0.0000  0.0000  0.0000  0.0000  0.0000  0.0000  0.0000  0.0000  0.0000  0.0000  0.0000  0.0000  0.0000  0.0000  0.0000  0.0000  0.0000  0.0000  1.0000  1.0000  0.0000  0.0000  0.0000  0.0000  0.0000  0.0000  0.0000  0.0000  0.0000  0.0000  0.0000  0.0000  1.0000  0.0000  0.0000  0.0000  0.0000  0.0000  0.0000  0.0000  0.0000  0.0000  0.0000  0.0000  0.0000  0.0000  0.0000  0.0000  0.0000  0.0000  0.0000  0.0000  0.0000  0.0000  0.0000  0.0000  0.0000  0.0000  0.0000  0.0000  0.0000  0.0000  0.0000  0.0000  0.0000  0.0000  0.0000  0.0000  0.0000  1.0000  0.0000  0.0000  0.0000  0.0000  0.0000  0.0000  0.0000  0.0000  0.0000  0.0000  0.0000  0.0000  1.0000  0.0000  0.0000  0.0000  0.0000  0.0000  0.0000  0.0000  0.0000  0.0000  0.0000  0.0000  0.0000  0.0000  0.0000  0.0000  0.0000  0.0000  0.0000  0.0000  1.0000  0.0000  0.0000  0.0000  0.0000  0.0000  0.0000  0.0000  0.0000  0.0000  0.0000  0.0000  0.0000  0.0000  0.0000  1.0000  0.0000  0.0000  0.0000  0.0000  0.0000  0.0000  0.0000  0.0000  0.0000  0.0000  0.0000  0.0000  0.0000  0.0000  0.0000  0.0000  0.0000  0.0000  0.0000  0.0000  0.0000  0.0000  0.0000  0.0000  0.0000  0.0000  0.0000  0.0000  0.0000  0.0000  1.0000  0.0000  0.0000  0.0000  0.0000  0.0000  0.0000  0.0000  0.0000  0.0000  0.0000  0.0000  0.0000  0.0000  0.0000  0.0000  0.0000  0.0000  0.0000  0.0000  0.0000  0.0000  0.0000  0.0000  0.0000  0.0000  1.0000  0.0000  0.0000  0.0000  0.0000  0.0000  1.0000  0.0000  0.0000  0.0000  0.0000  0.0000  0.0000  0.0000  0.0000  0.0000  0.0000  0.0000  0.0000  0.0000  0.0000  0.0000  0.0000  0.0000  1.0000  0.0000  0.0000  0.0000  1.0000  0.0000  0.0000  1.0000  0.0000  0.0000  0.0000  0.0000  0.0000  0.0000  0.0000  0.0000  0.0000  0.0000  1.0000  1.0000  0.0000  0.0000  0.0000  0.0000  0.0000  0.0000  0.0000  0.0000  0.0000  0.0000  0.0000  0.0000  0.0000  0.0000  0.0000  0.0000  0.0000  0.0000  0.0000  0.0000  0.0000  1.0000  0.0000  0.0000  0.0000  0.0000     (fitness: 0.536667)

------------------- ¡CLIQUE ENCONTRADO DE 22! :) ------------------- 

************************************
------------------------------------
************************************
Opening instancias/p_hat300-2.clq.txt (300 nodes, 21928 edges)

LibGA Version 1.00
(c) Copyright Arthur L. Corcoran, 1992, 1993.  All rights reserved.

GA Configuration Information:
-----------------------------
Basic Info
   Random Seed       : 1499
   Data Type         : Bit
   Init Pool Entered : Randomly     
   Chromosome Length : 300
   Pool Size         : 300
   Number of Trials  : 1000 iterations, or until convergence
   Minimize          : No
   Elitism           : Yes
   Scale Factor      : 0

Functions
   GA          : generational (Gap = 0)
   Selection   : roulette 
   Crossover   : simple (Rate = 1)
   Mutation    : swap (Rate = 0.9)
   Replacement : append

Reports
   Type     : Short
   Interval : 1000
-----------------------------

Gener    Min      Max      Ave    Variance  Std Dev  Tot Fit    Best 
-----  -------  -------  -------  --------  -------  -------  -------
    0  0.219824  0.266564    0.245  7.11E-05  0.00843   73.369  0.266564
    1  0.232886  0.270387    0.249  4.62E-05   0.0068  74.8162  0.270387
 1000  0.483333    0.535    0.534  3.12E-05  0.00559  160.304    0.535

The specified number of iterations has been reached.

Best: 0 0 0 1 0 0 0 0 0 0 0 0 0 0 0 0 0 0 0 0 
      0 0 0 0 0 0 0 0 0 0 0 0 0 0 0 0 0 1 0 0 
      0 0 0 1 0 0 0 1 1 0 0 0 0 0 0 1 0 0 0 0 
      0 0 0 0 0 0 0 0 0 0 0 0 0 0 0 1 0 0 0 0 
      0 0 0 0 0 0 0 0 0 0 0 0 0 0 0 0 0 0 0 0 
      0 0 0 0 0 0 0 0 0 0 0 0 0 0 0 0 0 0 0 0 
      0 0 1 0 0 1 0 0 0 0 0 0 0 0 0 0 0 0 1 0 
      0 0 0 0 0 0 0 0 0 0 0 0 0 0 0 0 0 0 1 0 
      0 0 0 0 0 0 0 0 0 0 0 0 0 1 0 1 0 0 1 0 
      0 0 0 0 0 0 0 0 0 1 0 0 0 0 0 0 0 0 0 0 
      0 0 0 0 1 0 0 0 0 0 0 0 0 0 0 0 0 0 0 0 
      0 0 0 0 0 0 0 0 0 0 0 0 0 0 0 0 1 0 0 0 
      0 0 0 0 0 0 0 0 0 1 0 0 0 0 1 0 0 0 1 0 
      0 0 0 0 0 0 0 0 0 0 0 0 0 1 0 0 0 0 0 0 
      0 0 0 0 0 0 0 0 0 0 0 0 0 0 0 0 0 0 0 0  (0.535)


Best chrom:  0.0000  0.0000  0.0000  1.0000  0.0000  0.0000  0.0000  0.0000  0.0000  0.0000  0.0000  0.0000  0.0000  0.0000  0.0000  0.0000  0.0000  0.0000  0.0000  0.0000  0.0000  0.0000  0.0000  0.0000  0.0000  0.0000  0.0000  0.0000  0.0000  0.0000  0.0000  0.0000  0.0000  0.0000  0.0000  0.0000  0.0000  1.0000  0.0000  0.0000  0.0000  0.0000  0.0000  1.0000  0.0000  0.0000  0.0000  1.0000  1.0000  0.0000  0.0000  0.0000  0.0000  0.0000  0.0000  1.0000  0.0000  0.0000  0.0000  0.0000  0.0000  0.0000  0.0000  0.0000  0.0000  0.0000  0.0000  0.0000  0.0000  0.0000  0.0000  0.0000  0.0000  0.0000  0.0000  1.0000  0.0000  0.0000  0.0000  0.0000  0.0000  0.0000  0.0000  0.0000  0.0000  0.0000  0.0000  0.0000  0.0000  0.0000  0.0000  0.0000  0.0000  0.0000  0.0000  0.0000  0.0000  0.0000  0.0000  0.0000  0.0000  0.0000  0.0000  0.0000  0.0000  0.0000  0.0000  0.0000  0.0000  0.0000  0.0000  0.0000  0.0000  0.0000  0.0000  0.0000  0.0000  0.0000  0.0000  0.0000  0.0000  0.0000  1.0000  0.0000  0.0000  1.0000  0.0000  0.0000  0.0000  0.0000  0.0000  0.0000  0.0000  0.0000  0.0000  0.0000  0.0000  0.0000  1.0000  0.0000  0.0000  0.0000  0.0000  0.0000  0.0000  0.0000  0.0000  0.0000  0.0000  0.0000  0.0000  0.0000  0.0000  0.0000  0.0000  0.0000  0.0000  0.0000  1.0000  0.0000  0.0000  0.0000  0.0000  0.0000  0.0000  0.0000  0.0000  0.0000  0.0000  0.0000  0.0000  0.0000  0.0000  1.0000  0.0000  1.0000  0.0000  0.0000  1.0000  0.0000  0.0000  0.0000  0.0000  0.0000  0.0000  0.0000  0.0000  0.0000  0.0000  1.0000  0.0000  0.0000  0.0000  0.0000  0.0000  0.0000  0.0000  0.0000  0.0000  0.0000  0.0000  0.0000  0.0000  0.0000  1.0000  0.0000  0.0000  0.0000  0.0000  0.0000  0.0000  0.0000  0.0000  0.0000  0.0000  0.0000  0.0000  0.0000  0.0000  0.0000  0.0000  0.0000  0.0000  0.0000  0.0000  0.0000  0.0000  0.0000  0.0000  0.0000  0.0000  0.0000  0.0000  0.0000  0.0000  0.0000  1.0000  0.0000  0.0000  0.0000  0.0000  0.0000  0.0000  0.0000  0.0000  0.0000  0.0000  0.0000  0.0000  1.0000  0.0000  0.0000  0.0000  0.0000  1.0000  0.0000  0.0000  0.0000  1.0000  0.0000  0.0000  0.0000  0.0000  0.0000  0.0000  0.0000  0.0000  0.0000  0.0000  0.0000  0.0000  0.0000  0.0000  1.0000  0.0000  0.0000  0.0000  0.0000  0.0000  0.0000  0.0000  0.0000  0.0000  0.0000  0.0000  0.0000  0.0000  0.0000  0.0000  0.0000  0.0000  0.0000  0.0000  0.0000  0.0000  0.0000  0.0000  0.0000  0.0000  0.0000     (fitness: 0.535)

------------------- ¡CLIQUE ENCONTRADO DE 21! :) ------------------- 

************************************
------------------------------------
************************************
Opening instancias/p_hat300-2.clq.txt (300 nodes, 21928 edges)

LibGA Version 1.00
(c) Copyright Arthur L. Corcoran, 1992, 1993.  All rights reserved.

GA Configuration Information:
-----------------------------
Basic Info
   Random Seed       : 1500
   Data Type         : Bit
   Init Pool Entered : Randomly     
   Chromosome Length : 300
   Pool Size         : 300
   Number of Trials  : 1000 iterations, or until convergence
   Minimize          : No
   Elitism           : Yes
   Scale Factor      : 0

Functions
   GA          : generational (Gap = 0)
   Selection   : roulette 
   Crossover   : simple (Rate = 1)
   Mutation    : swap (Rate = 0.9)
   Replacement : append

Reports
   Type     : Short
   Interval : 1000
-----------------------------

Gener    Min      Max      Ave    Variance  Std Dev  Tot Fit    Best 
-----  -------  -------  -------  --------  -------  -------  -------
    0  0.216662  0.264188    0.244  7.86E-05  0.00887  73.3234  0.264188
    1  0.230289  0.264188     0.25  5.66E-05  0.00752  74.9507  0.264188
 1000  0.487013  0.536667    0.536  2.06E-05  0.00453  160.864  0.536667

The specified number of iterations has been reached.

Best: 0 0 0 0 0 0 0 0 0 0 0 0 0 0 0 0 0 0 0 0 
      0 0 0 0 0 0 0 0 0 0 0 0 0 0 0 0 0 0 0 0 
      0 0 0 1 0 0 0 1 1 0 0 0 0 0 0 1 0 0 0 0 
      0 0 0 0 0 0 0 0 0 0 0 0 0 0 1 1 0 0 0 0 
      0 0 0 0 0 0 0 0 1 0 0 0 0 0 0 0 0 0 0 0 
      0 0 0 1 0 0 0 0 0 0 0 0 0 0 0 0 0 0 0 0 
      0 0 0 0 0 1 0 0 0 0 0 0 0 0 0 0 0 0 1 0 
      0 0 0 0 0 0 0 0 0 0 0 0 0 0 0 0 0 0 1 1 
      0 0 0 0 0 0 0 0 0 0 0 0 0 1 0 0 0 0 1 0 
      0 0 0 0 0 0 0 0 0 1 0 0 0 0 0 0 0 0 0 0 
      0 0 0 0 1 0 0 0 0 0 0 0 0 0 0 0 0 0 0 0 
      0 0 0 0 0 0 0 0 0 0 0 0 0 0 0 0 1 0 0 0 
      0 0 0 0 0 0 0 0 0 0 0 0 0 0 0 0 0 0 1 0 
      0 1 0 0 0 0 0 0 0 0 0 0 0 1 0 0 0 0 0 1 
      0 0 0 0 0 0 0 0 0 0 0 0 0 0 0 1 0 0 0 0  (0.536667)


Best chrom:  0.0000  0.0000  0.0000  0.0000  0.0000  0.0000  0.0000  0.0000  0.0000  0.0000  0.0000  0.0000  0.0000  0.0000  0.0000  0.0000  0.0000  0.0000  0.0000  0.0000  0.0000  0.0000  0.0000  0.0000  0.0000  0.0000  0.0000  0.0000  0.0000  0.0000  0.0000  0.0000  0.0000  0.0000  0.0000  0.0000  0.0000  0.0000  0.0000  0.0000  0.0000  0.0000  0.0000  1.0000  0.0000  0.0000  0.0000  1.0000  1.0000  0.0000  0.0000  0.0000  0.0000  0.0000  0.0000  1.0000  0.0000  0.0000  0.0000  0.0000  0.0000  0.0000  0.0000  0.0000  0.0000  0.0000  0.0000  0.0000  0.0000  0.0000  0.0000  0.0000  0.0000  0.0000  1.0000  1.0000  0.0000  0.0000  0.0000  0.0000  0.0000  0.0000  0.0000  0.0000  0.0000  0.0000  0.0000  0.0000  1.0000  0.0000  0.0000  0.0000  0.0000  0.0000  0.0000  0.0000  0.0000  0.0000  0.0000  0.0000  0.0000  0.0000  0.0000  1.0000  0.0000  0.0000  0.0000  0.0000  0.0000  0.0000  0.0000  0.0000  0.0000  0.0000  0.0000  0.0000  0.0000  0.0000  0.0000  0.0000  0.0000  0.0000  0.0000  0.0000  0.0000  1.0000  0.0000  0.0000  0.0000  0.0000  0.0000  0.0000  0.0000  0.0000  0.0000  0.0000  0.0000  0.0000  1.0000  0.0000  0.0000  0.0000  0.0000  0.0000  0.0000  0.0000  0.0000  0.0000  0.0000  0.0000  0.0000  0.0000  0.0000  0.0000  0.0000  0.0000  0.0000  0.0000  1.0000  1.0000  0.0000  0.0000  0.0000  0.0000  0.0000  0.0000  0.0000  0.0000  0.0000  0.0000  0.0000  0.0000  0.0000  1.0000  0.0000  0.0000  0.0000  0.0000  1.0000  0.0000  0.0000  0.0000  0.0000  0.0000  0.0000  0.0000  0.0000  0.0000  0.0000  1.0000  0.0000  0.0000  0.0000  0.0000  0.0000  0.0000  0.0000  0.0000  0.0000  0.0000  0.0000  0.0000  0.0000  0.0000  1.0000  0.0000  0.0000  0.0000  0.0000  0.0000  0.0000  0.0000  0.0000  0.0000  0.0000  0.0000  0.0000  0.0000  0.0000  0.0000  0.0000  0.0000  0.0000  0.0000  0.0000  0.0000  0.0000  0.0000  0.0000  0.0000  0.0000  0.0000  0.0000  0.0000  0.0000  0.0000  1.0000  0.0000  0.0000  0.0000  0.0000  0.0000  0.0000  0.0000  0.0000  0.0000  0.0000  0.0000  0.0000  0.0000  0.0000  0.0000  0.0000  0.0000  0.0000  0.0000  0.0000  0.0000  1.0000  0.0000  0.0000  1.0000  0.0000  0.0000  0.0000  0.0000  0.0000  0.0000  0.0000  0.0000  0.0000  0.0000  0.0000  1.0000  0.0000  0.0000  0.0000  0.0000  0.0000  1.0000  0.0000  0.0000  0.0000  0.0000  0.0000  0.0000  0.0000  0.0000  0.0000  0.0000  0.0000  0.0000  0.0000  0.0000  0.0000  1.0000  0.0000  0.0000  0.0000  0.0000     (fitness: 0.536667)

------------------- ¡CLIQUE ENCONTRADO DE 22! :) ------------------- 

************************************
------------------------------------
************************************
Opening instancias/p_hat300-2.clq.txt (300 nodes, 21928 edges)

LibGA Version 1.00
(c) Copyright Arthur L. Corcoran, 1992, 1993.  All rights reserved.

GA Configuration Information:
-----------------------------
Basic Info
   Random Seed       : 1501
   Data Type         : Bit
   Init Pool Entered : Randomly     
   Chromosome Length : 300
   Pool Size         : 300
   Number of Trials  : 1000 iterations, or until convergence
   Minimize          : No
   Elitism           : Yes
   Scale Factor      : 0

Functions
   GA          : generational (Gap = 0)
   Selection   : roulette 
   Crossover   : simple (Rate = 1)
   Mutation    : swap (Rate = 0.9)
   Replacement : append

Reports
   Type     : Short
   Interval : 1000
-----------------------------

Gener    Min      Max      Ave    Variance  Std Dev  Tot Fit    Best 
-----  -------  -------  -------  --------  -------  -------  -------
    0  0.217494  0.268447    0.244  8.45E-05  0.00919  73.1029  0.268447
    1  0.227145  0.273258    0.249  6.15E-05  0.00784   74.608  0.273258
 1000  0.533333    0.535    0.535  3.03E-08  0.000174  160.498    0.535

The specified number of iterations has been reached.

Best: 0 0 0 0 0 0 0 0 0 0 0 0 0 0 0 0 0 0 0 0 
      0 0 0 0 0 0 0 0 0 0 0 0 0 0 0 0 0 0 0 0 
      0 0 0 1 0 0 0 1 1 0 0 0 0 1 0 1 0 0 0 0 
      0 0 0 0 0 0 0 0 0 0 0 0 0 0 1 1 0 0 0 0 
      0 0 0 0 0 0 0 0 1 0 0 0 0 0 0 0 0 0 0 0 
      0 0 0 0 0 0 0 0 0 0 0 0 0 0 0 0 0 0 0 0 
      0 0 0 0 0 0 0 0 0 0 0 0 0 0 0 0 0 0 1 0 
      0 0 0 0 0 0 0 0 1 0 0 0 0 0 0 0 0 0 1 0 
      0 0 0 0 0 0 0 0 0 0 0 0 0 0 0 0 0 0 1 0 
      0 0 0 0 0 0 0 0 0 0 0 0 0 0 0 0 0 0 0 0 
      0 0 0 0 1 0 0 0 0 0 0 0 0 0 0 0 0 0 1 0 
      0 0 0 0 0 0 0 0 0 0 0 0 0 0 1 0 0 0 0 0 
      0 0 0 0 0 0 0 0 0 0 0 0 0 0 1 0 0 0 1 0 
      0 1 0 0 0 0 0 0 0 0 0 0 0 1 0 0 0 0 0 1 
      0 0 0 0 0 0 0 0 0 0 0 0 0 0 0 1 0 0 0 0  (0.535)


Best chrom:  0.0000  0.0000  0.0000  0.0000  0.0000  0.0000  0.0000  0.0000  0.0000  0.0000  0.0000  0.0000  0.0000  0.0000  0.0000  0.0000  0.0000  0.0000  0.0000  0.0000  0.0000  0.0000  0.0000  0.0000  0.0000  0.0000  0.0000  0.0000  0.0000  0.0000  0.0000  0.0000  0.0000  0.0000  0.0000  0.0000  0.0000  0.0000  0.0000  0.0000  0.0000  0.0000  0.0000  1.0000  0.0000  0.0000  0.0000  1.0000  1.0000  0.0000  0.0000  0.0000  0.0000  1.0000  0.0000  1.0000  0.0000  0.0000  0.0000  0.0000  0.0000  0.0000  0.0000  0.0000  0.0000  0.0000  0.0000  0.0000  0.0000  0.0000  0.0000  0.0000  0.0000  0.0000  1.0000  1.0000  0.0000  0.0000  0.0000  0.0000  0.0000  0.0000  0.0000  0.0000  0.0000  0.0000  0.0000  0.0000  1.0000  0.0000  0.0000  0.0000  0.0000  0.0000  0.0000  0.0000  0.0000  0.0000  0.0000  0.0000  0.0000  0.0000  0.0000  0.0000  0.0000  0.0000  0.0000  0.0000  0.0000  0.0000  0.0000  0.0000  0.0000  0.0000  0.0000  0.0000  0.0000  0.0000  0.0000  0.0000  0.0000  0.0000  0.0000  0.0000  0.0000  0.0000  0.0000  0.0000  0.0000  0.0000  0.0000  0.0000  0.0000  0.0000  0.0000  0.0000  0.0000  0.0000  1.0000  0.0000  0.0000  0.0000  0.0000  0.0000  0.0000  0.0000  0.0000  0.0000  1.0000  0.0000  0.0000  0.0000  0.0000  0.0000  0.0000  0.0000  0.0000  0.0000  1.0000  0.0000  0.0000  0.0000  0.0000  0.0000  0.0000  0.0000  0.0000  0.0000  0.0000  0.0000  0.0000  0.0000  0.0000  0.0000  0.0000  0.0000  0.0000  0.0000  1.0000  0.0000  0.0000  0.0000  0.0000  0.0000  0.0000  0.0000  0.0000  0.0000  0.0000  0.0000  0.0000  0.0000  0.0000  0.0000  0.0000  0.0000  0.0000  0.0000  0.0000  0.0000  0.0000  0.0000  0.0000  0.0000  1.0000  0.0000  0.0000  0.0000  0.0000  0.0000  0.0000  0.0000  0.0000  0.0000  0.0000  0.0000  0.0000  0.0000  1.0000  0.0000  0.0000  0.0000  0.0000  0.0000  0.0000  0.0000  0.0000  0.0000  0.0000  0.0000  0.0000  0.0000  0.0000  0.0000  1.0000  0.0000  0.0000  0.0000  0.0000  0.0000  0.0000  0.0000  0.0000  0.0000  0.0000  0.0000  0.0000  0.0000  0.0000  0.0000  0.0000  0.0000  0.0000  0.0000  1.0000  0.0000  0.0000  0.0000  1.0000  0.0000  0.0000  1.0000  0.0000  0.0000  0.0000  0.0000  0.0000  0.0000  0.0000  0.0000  0.0000  0.0000  0.0000  1.0000  0.0000  0.0000  0.0000  0.0000  0.0000  1.0000  0.0000  0.0000  0.0000  0.0000  0.0000  0.0000  0.0000  0.0000  0.0000  0.0000  0.0000  0.0000  0.0000  0.0000  0.0000  1.0000  0.0000  0.0000  0.0000  0.0000     (fitness: 0.535)

------------------- ¡CLIQUE ENCONTRADO DE 21! :) ------------------- 

************************************
------------------------------------
************************************
Opening instancias/p_hat300-2.clq.txt (300 nodes, 21928 edges)

LibGA Version 1.00
(c) Copyright Arthur L. Corcoran, 1992, 1993.  All rights reserved.

GA Configuration Information:
-----------------------------
Basic Info
   Random Seed       : 1502
   Data Type         : Bit
   Init Pool Entered : Randomly     
   Chromosome Length : 300
   Pool Size         : 300
   Number of Trials  : 1000 iterations, or until convergence
   Minimize          : No
   Elitism           : Yes
   Scale Factor      : 0

Functions
   GA          : generational (Gap = 0)
   Selection   : roulette 
   Crossover   : simple (Rate = 1)
   Mutation    : swap (Rate = 0.9)
   Replacement : append

Reports
   Type     : Short
   Interval : 1000
-----------------------------

Gener    Min      Max      Ave    Variance  Std Dev  Tot Fit    Best 
-----  -------  -------  -------  --------  -------  -------  -------
    0  0.22001  0.276929    0.244  6.91E-05  0.00831  73.2974  0.276929
    1  0.232924  0.276929     0.25  6.08E-05   0.0078  74.9911  0.276929
 1000  0.483333  0.541667    0.541  4.89E-05  0.00699  162.227  0.541667

The specified number of iterations has been reached.

Best: 0 0 0 1 0 0 0 0 0 0 0 0 0 0 0 0 0 0 0 0 
      0 0 0 0 0 1 0 0 0 0 0 0 0 0 0 0 0 1 0 1 
      0 0 0 0 0 0 0 1 1 0 0 0 0 0 0 1 0 0 0 0 
      0 0 0 0 0 0 0 0 0 0 0 0 0 0 1 1 0 0 1 0 
      0 0 0 0 0 0 0 0 0 0 0 0 0 0 0 0 0 0 0 0 
      0 0 0 0 0 0 0 0 0 0 0 0 0 0 0 0 0 0 0 0 
      0 0 0 0 0 0 0 0 0 0 0 0 0 0 0 0 0 0 1 0 
      0 0 0 0 0 0 0 0 0 0 0 0 0 0 0 0 0 0 1 0 
      0 0 0 0 1 0 0 0 0 0 0 0 0 1 0 0 0 0 0 0 
      0 0 0 0 0 0 0 0 0 1 0 0 0 0 0 0 0 0 1 0 
      0 0 0 0 1 0 0 0 0 0 0 0 0 0 0 0 0 0 0 0 
      0 0 0 0 0 0 0 0 0 0 1 0 0 0 0 0 1 0 0 0 
      0 0 0 0 0 0 0 0 0 0 0 0 0 0 1 0 0 0 1 0 
      0 0 0 0 0 0 0 0 0 0 0 0 1 1 0 0 0 0 0 0 
      1 0 0 0 0 0 0 0 0 0 0 0 0 0 0 1 0 0 0 0  (0.541667)


Best chrom:  0.0000  0.0000  0.0000  1.0000  0.0000  0.0000  0.0000  0.0000  0.0000  0.0000  0.0000  0.0000  0.0000  0.0000  0.0000  0.0000  0.0000  0.0000  0.0000  0.0000  0.0000  0.0000  0.0000  0.0000  0.0000  1.0000  0.0000  0.0000  0.0000  0.0000  0.0000  0.0000  0.0000  0.0000  0.0000  0.0000  0.0000  1.0000  0.0000  1.0000  0.0000  0.0000  0.0000  0.0000  0.0000  0.0000  0.0000  1.0000  1.0000  0.0000  0.0000  0.0000  0.0000  0.0000  0.0000  1.0000  0.0000  0.0000  0.0000  0.0000  0.0000  0.0000  0.0000  0.0000  0.0000  0.0000  0.0000  0.0000  0.0000  0.0000  0.0000  0.0000  0.0000  0.0000  1.0000  1.0000  0.0000  0.0000  1.0000  0.0000  0.0000  0.0000  0.0000  0.0000  0.0000  0.0000  0.0000  0.0000  0.0000  0.0000  0.0000  0.0000  0.0000  0.0000  0.0000  0.0000  0.0000  0.0000  0.0000  0.0000  0.0000  0.0000  0.0000  0.0000  0.0000  0.0000  0.0000  0.0000  0.0000  0.0000  0.0000  0.0000  0.0000  0.0000  0.0000  0.0000  0.0000  0.0000  0.0000  0.0000  0.0000  0.0000  0.0000  0.0000  0.0000  0.0000  0.0000  0.0000  0.0000  0.0000  0.0000  0.0000  0.0000  0.0000  0.0000  0.0000  0.0000  0.0000  1.0000  0.0000  0.0000  0.0000  0.0000  0.0000  0.0000  0.0000  0.0000  0.0000  0.0000  0.0000  0.0000  0.0000  0.0000  0.0000  0.0000  0.0000  0.0000  0.0000  1.0000  0.0000  0.0000  0.0000  0.0000  0.0000  1.0000  0.0000  0.0000  0.0000  0.0000  0.0000  0.0000  0.0000  0.0000  1.0000  0.0000  0.0000  0.0000  0.0000  0.0000  0.0000  0.0000  0.0000  0.0000  0.0000  0.0000  0.0000  0.0000  0.0000  0.0000  1.0000  0.0000  0.0000  0.0000  0.0000  0.0000  0.0000  0.0000  0.0000  1.0000  0.0000  0.0000  0.0000  0.0000  0.0000  1.0000  0.0000  0.0000  0.0000  0.0000  0.0000  0.0000  0.0000  0.0000  0.0000  0.0000  0.0000  0.0000  0.0000  0.0000  0.0000  0.0000  0.0000  0.0000  0.0000  0.0000  0.0000  0.0000  0.0000  0.0000  0.0000  1.0000  0.0000  0.0000  0.0000  0.0000  0.0000  1.0000  0.0000  0.0000  0.0000  0.0000  0.0000  0.0000  0.0000  0.0000  0.0000  0.0000  0.0000  0.0000  0.0000  0.0000  0.0000  0.0000  0.0000  1.0000  0.0000  0.0000  0.0000  1.0000  0.0000  0.0000  0.0000  0.0000  0.0000  0.0000  0.0000  0.0000  0.0000  0.0000  0.0000  0.0000  0.0000  1.0000  1.0000  0.0000  0.0000  0.0000  0.0000  0.0000  0.0000  1.0000  0.0000  0.0000  0.0000  0.0000  0.0000  0.0000  0.0000  0.0000  0.0000  0.0000  0.0000  0.0000  0.0000  0.0000  1.0000  0.0000  0.0000  0.0000  0.0000     (fitness: 0.541667)

------------------- ¡CLIQUE ENCONTRADO DE 25! :) ------------------- 

------------------- ¡Y ES EL MAXIMO CLIQUE! :) ------------------- 

************************************
------------------------------------
************************************
