Tue Dec  8 17:38:24 CET 2020
Opening instancias/san200_0.7_1.clq.txt (200 nodes, 13930 edges)

LibGA Version 1.00
(c) Copyright Arthur L. Corcoran, 1992, 1993.  All rights reserved.

GA Configuration Information:
-----------------------------
Basic Info
   Random Seed       : 1605
   Data Type         : Bit
   Init Pool Entered : Randomly
   Chromosome Length : 200
   Pool Size         : 150
   Number of Trials  : 10000 iterations, or until convergence
   Minimize          : No
   Elitism           : Yes
   Scale Factor      : 0

Functions
   GA          : generational (Gap = 0)
   Selection   : roulette
   Crossover   : simple (Rate = 1)
   Mutation    : swap (Rate = 1)
   Replacement : append

Reports
   Type     : Short
   Interval : 1000
-----------------------------

Gener    Min      Max      Ave    Variance  Std Dev  Tot Fit    Best
-----  -------  -------  -------  --------  -------  -------  -------
    0  0.344427  0.358608     0.35  6.32E-06  0.00251  52.4974  0.358608
    1  0.347145  0.358608    0.352  4.79E-06  0.00219  52.7625  0.358608
 1000  0.495238   0.5375    0.537  2.37E-05  0.00487   80.538   0.5375
 2000  0.495238   0.5375    0.537  2.37E-05  0.00487   80.533   0.5375
 3000   0.5375   0.5375    0.537         0        0   80.625   0.5375
 4000  0.495238   0.5375    0.537  2.37E-05  0.00487   80.538   0.5375
 5000  0.495238   0.5375    0.537   1.2E-05  0.00346  80.5802   0.5375
 6000  0.461905   0.5375    0.536  8.24E-05  0.00908  80.4338   0.5375
 7000  0.461905   0.5375    0.537  4.94E-05  0.00703  80.5052   0.5375
 8000    0.535   0.5375    0.537  1.09E-07  0.00033    80.62   0.5375
 9000  0.495238   0.5375    0.537   1.2E-05  0.00346  80.5802   0.5375
10000  0.47619   0.5375    0.537  4.83E-05  0.00695  80.4767   0.5375

The specified number of iterations has been reached.

Best: 0 0 0 0 0 0 0 0 0 0 0 0 0 0 0 1 0 0 0 0
      0 0 0 0 0 0 0 0 0 0 0 0 0 0 1 0 0 0 0 0
      0 0 0 0 0 0 0 0 1 0 0 0 0 0 0 0 0 0 0 0
      1 0 0 0 0 0 0 0 0 0 0 0 0 0 0 0 0 1 0 1
      0 0 0 0 0 0 0 0 0 0 0 0 0 0 0 0 0 0 0 0
      0 0 0 0 0 0 0 0 0 0 0 0 1 0 0 0 0 0 0 1
      0 0 0 0 0 0 0 0 0 0 0 0 0 0 0 0 0 1 0 0
      0 0 1 0 0 0 0 0 1 0 0 0 1 0 0 0 0 0 0 0
      0 0 0 0 0 0 0 0 0 0 0 0 0 0 0 0 0 0 0 0
      0 0 0 1 0 0 0 0 0 0 0 0 0 0 1 0 1 0 0 0  (0.5375)


Best chrom:  0.0000  0.0000  0.0000  0.0000  0.0000  0.0000  0.0000  0.0000  0.0000  0.0000  0.0000  0.0000  0.0000  0.0000  0.0000  1.0000  0.0000  0.0000  0.0000  0.0000  0.0000  0.0000  0.0000  0.0000  0.0000  0.0000  0.0000  0.0000  0.0000  0.0000  0.0000  0.0000  0.0000  0.0000  1.0000  0.0000  0.0000  0.0000  0.0000  0.0000  0.0000  0.0000  0.0000  0.0000  0.0000  0.0000  0.0000  0.0000  1.0000  0.0000  0.0000  0.0000  0.0000  0.0000  0.0000  0.0000  0.0000  0.0000  0.0000  0.0000  1.0000  0.0000  0.0000  0.0000  0.0000  0.0000  0.0000  0.0000  0.0000  0.0000  0.0000  0.0000  0.0000  0.0000  0.0000  0.0000  0.0000  1.0000  0.0000  1.0000  0.0000  0.0000  0.0000  0.0000  0.0000  0.0000  0.0000  0.0000  0.0000  0.0000  0.0000  0.0000  0.0000  0.0000  0.0000  0.0000  0.0000  0.0000  0.0000  0.0000  0.0000  0.0000  0.0000  0.0000  0.0000  0.0000  0.0000  0.0000  0.0000  0.0000  0.0000  0.0000  1.0000  0.0000  0.0000  0.0000  0.0000  0.0000  0.0000  1.0000  0.0000  0.0000  0.0000  0.0000  0.0000  0.0000  0.0000  0.0000  0.0000  0.0000  0.0000  0.0000  0.0000  0.0000  0.0000  0.0000  0.0000  1.0000  0.0000  0.0000  0.0000  0.0000  1.0000  0.0000  0.0000  0.0000  0.0000  0.0000  1.0000  0.0000  0.0000  0.0000  1.0000  0.0000  0.0000  0.0000  0.0000  0.0000  0.0000  0.0000  0.0000  0.0000  0.0000  0.0000  0.0000  0.0000  0.0000  0.0000  0.0000  0.0000  0.0000  0.0000  0.0000  0.0000  0.0000  0.0000  0.0000  0.0000  0.0000  0.0000  0.0000  0.0000  0.0000  1.0000  0.0000  0.0000  0.0000  0.0000  0.0000  0.0000  0.0000  0.0000  0.0000  0.0000  1.0000  0.0000  1.0000  0.0000  0.0000  0.0000     (fitness: 0.5375)

------------------- ¡CLIQUE ENCONTRADO DE 15! :) -------------------

************************************
------------------------------------
************************************
Opening instancias/san200_0.7_1.clq.txt (200 nodes, 13930 edges)

LibGA Version 1.00
(c) Copyright Arthur L. Corcoran, 1992, 1993.  All rights reserved.

GA Configuration Information:
-----------------------------
Basic Info
   Random Seed       : 1606
   Data Type         : Bit
   Init Pool Entered : Randomly
   Chromosome Length : 200
   Pool Size         : 150
   Number of Trials  : 10000 iterations, or until convergence
   Minimize          : No
   Elitism           : Yes
   Scale Factor      : 0

Functions
   GA          : generational (Gap = 0)
   Selection   : roulette
   Crossover   : simple (Rate = 1)
   Mutation    : swap (Rate = 1)
   Replacement : append

Reports
   Type     : Short
   Interval : 1000
-----------------------------

Gener    Min      Max      Ave    Variance  Std Dev  Tot Fit    Best
-----  -------  -------  -------  --------  -------  -------  -------
    0  0.345496  0.357763     0.35   5.8E-06  0.00241  52.5348  0.357763
    1  0.346834  0.35828    0.351  5.37E-06  0.00232  52.7237  0.35828
 1000    0.535   0.5375    0.537  1.09E-07  0.00033    80.62   0.5375
 2000  0.495238   0.5375    0.537  1.19E-05  0.00345  80.5827   0.5375
 3000  0.495238   0.5375    0.537  2.37E-05  0.00487   80.533   0.5375
 4000  0.495238   0.5375    0.537  1.19E-05  0.00345  80.5827   0.5375
 5000  0.495238   0.5375    0.537  2.37E-05  0.00487   80.533   0.5375
 6000  0.47619   0.5375    0.537  2.53E-05  0.00503  80.5562   0.5375
 7000  0.495238   0.5375    0.537   1.2E-05  0.00346  80.5777   0.5375
 8000  0.495238   0.5375    0.537  2.37E-05  0.00487  80.5405   0.5375
 9000   0.5375   0.5375    0.537         0        0   80.625   0.5375
10000  0.495238   0.5375    0.537  2.37E-05  0.00487  80.5355   0.5375

The specified number of iterations has been reached.

Best: 0 0 0 0 0 0 0 0 1 0 0 0 0 0 0 0 0 0 0 0
      0 0 0 0 0 0 0 0 0 0 0 0 0 0 1 0 0 0 0 0
      0 0 0 0 0 0 1 0 0 0 0 0 0 0 0 0 0 0 0 0
      0 0 0 0 0 0 0 0 0 1 0 0 0 0 0 0 0 1 0 0
      0 0 0 0 0 0 0 0 0 0 0 0 0 0 0 0 0 0 0 1
      0 1 0 0 0 0 0 0 0 0 0 0 0 0 0 0 0 0 0 0
      0 0 0 1 1 0 0 0 0 0 0 0 0 0 0 0 0 0 0 0
      0 0 1 1 0 0 0 0 0 0 0 0 0 0 0 0 0 0 0 0
      0 0 0 0 0 0 0 0 0 0 0 0 0 1 0 0 0 0 0 0
      0 1 0 1 0 0 0 0 0 0 0 0 0 1 0 0 0 0 0 0  (0.5375)


Best chrom:  0.0000  0.0000  0.0000  0.0000  0.0000  0.0000  0.0000  0.0000  1.0000  0.0000  0.0000  0.0000  0.0000  0.0000  0.0000  0.0000  0.0000  0.0000  0.0000  0.0000  0.0000  0.0000  0.0000  0.0000  0.0000  0.0000  0.0000  0.0000  0.0000  0.0000  0.0000  0.0000  0.0000  0.0000  1.0000  0.0000  0.0000  0.0000  0.0000  0.0000  0.0000  0.0000  0.0000  0.0000  0.0000  0.0000  1.0000  0.0000  0.0000  0.0000  0.0000  0.0000  0.0000  0.0000  0.0000  0.0000  0.0000  0.0000  0.0000  0.0000  0.0000  0.0000  0.0000  0.0000  0.0000  0.0000  0.0000  0.0000  0.0000  1.0000  0.0000  0.0000  0.0000  0.0000  0.0000  0.0000  0.0000  1.0000  0.0000  0.0000  0.0000  0.0000  0.0000  0.0000  0.0000  0.0000  0.0000  0.0000  0.0000  0.0000  0.0000  0.0000  0.0000  0.0000  0.0000  0.0000  0.0000  0.0000  0.0000  1.0000  0.0000  1.0000  0.0000  0.0000  0.0000  0.0000  0.0000  0.0000  0.0000  0.0000  0.0000  0.0000  0.0000  0.0000  0.0000  0.0000  0.0000  0.0000  0.0000  0.0000  0.0000  0.0000  0.0000  1.0000  1.0000  0.0000  0.0000  0.0000  0.0000  0.0000  0.0000  0.0000  0.0000  0.0000  0.0000  0.0000  0.0000  0.0000  0.0000  0.0000  0.0000  0.0000  1.0000  1.0000  0.0000  0.0000  0.0000  0.0000  0.0000  0.0000  0.0000  0.0000  0.0000  0.0000  0.0000  0.0000  0.0000  0.0000  0.0000  0.0000  0.0000  0.0000  0.0000  0.0000  0.0000  0.0000  0.0000  0.0000  0.0000  0.0000  0.0000  0.0000  0.0000  1.0000  0.0000  0.0000  0.0000  0.0000  0.0000  0.0000  0.0000  1.0000  0.0000  1.0000  0.0000  0.0000  0.0000  0.0000  0.0000  0.0000  0.0000  0.0000  0.0000  1.0000  0.0000  0.0000  0.0000  0.0000  0.0000  0.0000     (fitness: 0.5375)

------------------- ¡CLIQUE ENCONTRADO DE 15! :) -------------------

************************************
------------------------------------
************************************
Opening instancias/san200_0.7_1.clq.txt (200 nodes, 13930 edges)

LibGA Version 1.00
(c) Copyright Arthur L. Corcoran, 1992, 1993.  All rights reserved.

GA Configuration Information:
-----------------------------
Basic Info
   Random Seed       : 1607
   Data Type         : Bit
   Init Pool Entered : Randomly
   Chromosome Length : 200
   Pool Size         : 150
   Number of Trials  : 10000 iterations, or until convergence
   Minimize          : No
   Elitism           : Yes
   Scale Factor      : 0

Functions
   GA          : generational (Gap = 0)
   Selection   : roulette
   Crossover   : simple (Rate = 1)
   Mutation    : swap (Rate = 1)
   Replacement : append

Reports
   Type     : Short
   Interval : 1000
-----------------------------

Gener    Min      Max      Ave    Variance  Std Dev  Tot Fit    Best
-----  -------  -------  -------  --------  -------  -------  -------
    0  0.343227  0.356592     0.35  5.84E-06  0.00242  52.5161  0.356592
    1  0.34606  0.35738    0.352  5.02E-06  0.00224  52.7535  0.35738
 1000  0.495238   0.5375    0.537  1.19E-05  0.00345  80.5827   0.5375
 2000  0.495238   0.5375    0.537  2.35E-05  0.00484  80.5286   0.5375
 3000  0.495238   0.5375    0.537  2.34E-05  0.00483  80.5386   0.5375
 4000  0.471429   0.5375    0.537  4.08E-05  0.00639  80.5167   0.5375
 5000  0.495238   0.5375    0.537  1.19E-05  0.00345  80.5827   0.5375
 6000  0.471429   0.5375    0.537  2.95E-05  0.00543  80.5239   0.5375
 7000  0.495238   0.5375    0.537  2.34E-05  0.00484  80.5361   0.5375
 8000  0.466667   0.5375    0.536  6.73E-05   0.0082  80.4111   0.5375
 9000    0.535   0.5375    0.537  1.09E-07  0.00033    80.62   0.5375
10000  0.457143   0.5375    0.536  8.55E-05  0.00925  80.4643   0.5375

The specified number of iterations has been reached.

Best: 0 0 0 0 0 0 0 0 0 0 0 0 0 0 0 0 0 0 0 1
      0 0 0 0 0 0 0 1 0 0 0 0 0 0 0 0 0 0 0 0
      0 0 0 0 0 1 0 0 0 0 0 0 0 0 0 0 0 0 0 0
      0 0 1 0 0 0 0 0 0 0 0 0 0 0 0 0 0 1 0 0
      0 0 1 0 0 0 0 0 0 0 1 0 0 0 0 0 0 0 0 0
      0 1 0 0 0 0 1 0 0 0 0 0 1 0 0 0 1 0 0 0
      0 0 0 0 0 0 0 0 0 0 0 0 0 0 0 0 1 0 0 0
      0 0 0 0 0 0 0 0 0 0 0 0 0 0 0 0 0 0 0 0
      0 0 0 0 0 0 0 0 0 0 0 0 0 0 0 0 0 0 0 1
      0 0 0 0 0 0 0 0 0 0 0 0 0 0 1 1 0 0 0 0  (0.5375)


Best chrom:  0.0000  0.0000  0.0000  0.0000  0.0000  0.0000  0.0000  0.0000  0.0000  0.0000  0.0000  0.0000  0.0000  0.0000  0.0000  0.0000  0.0000  0.0000  0.0000  1.0000  0.0000  0.0000  0.0000  0.0000  0.0000  0.0000  0.0000  1.0000  0.0000  0.0000  0.0000  0.0000  0.0000  0.0000  0.0000  0.0000  0.0000  0.0000  0.0000  0.0000  0.0000  0.0000  0.0000  0.0000  0.0000  1.0000  0.0000  0.0000  0.0000  0.0000  0.0000  0.0000  0.0000  0.0000  0.0000  0.0000  0.0000  0.0000  0.0000  0.0000  0.0000  0.0000  1.0000  0.0000  0.0000  0.0000  0.0000  0.0000  0.0000  0.0000  0.0000  0.0000  0.0000  0.0000  0.0000  0.0000  0.0000  1.0000  0.0000  0.0000  0.0000  0.0000  1.0000  0.0000  0.0000  0.0000  0.0000  0.0000  0.0000  0.0000  1.0000  0.0000  0.0000  0.0000  0.0000  0.0000  0.0000  0.0000  0.0000  0.0000  0.0000  1.0000  0.0000  0.0000  0.0000  0.0000  1.0000  0.0000  0.0000  0.0000  0.0000  0.0000  1.0000  0.0000  0.0000  0.0000  1.0000  0.0000  0.0000  0.0000  0.0000  0.0000  0.0000  0.0000  0.0000  0.0000  0.0000  0.0000  0.0000  0.0000  0.0000  0.0000  0.0000  0.0000  0.0000  0.0000  1.0000  0.0000  0.0000  0.0000  0.0000  0.0000  0.0000  0.0000  0.0000  0.0000  0.0000  0.0000  0.0000  0.0000  0.0000  0.0000  0.0000  0.0000  0.0000  0.0000  0.0000  0.0000  0.0000  0.0000  0.0000  0.0000  0.0000  0.0000  0.0000  0.0000  0.0000  0.0000  0.0000  0.0000  0.0000  0.0000  0.0000  0.0000  0.0000  0.0000  0.0000  0.0000  0.0000  1.0000  0.0000  0.0000  0.0000  0.0000  0.0000  0.0000  0.0000  0.0000  0.0000  0.0000  0.0000  0.0000  0.0000  0.0000  1.0000  1.0000  0.0000  0.0000  0.0000  0.0000     (fitness: 0.5375)

------------------- ¡CLIQUE ENCONTRADO DE 15! :) -------------------

************************************
------------------------------------
************************************
Opening instancias/san200_0.7_1.clq.txt (200 nodes, 13930 edges)

LibGA Version 1.00
(c) Copyright Arthur L. Corcoran, 1992, 1993.  All rights reserved.

GA Configuration Information:
-----------------------------
Basic Info
   Random Seed       : 1608
   Data Type         : Bit
   Init Pool Entered : Randomly
   Chromosome Length : 200
   Pool Size         : 150
   Number of Trials  : 10000 iterations, or until convergence
   Minimize          : No
   Elitism           : Yes
   Scale Factor      : 0

Functions
   GA          : generational (Gap = 0)
   Selection   : roulette
   Crossover   : simple (Rate = 1)
   Mutation    : swap (Rate = 1)
   Replacement : append

Reports
   Type     : Short
   Interval : 1000
-----------------------------

Gener    Min      Max      Ave    Variance  Std Dev  Tot Fit    Best
-----  -------  -------  -------  --------  -------  -------  -------
    0  0.343502  0.35697     0.35  6.43E-06  0.00254  52.4861  0.35697
    1  0.347129  0.358808    0.351  5.23E-06  0.00229  52.7097  0.358808
 1000  0.494505   0.5375    0.537  2.42E-05  0.00492  80.5322   0.5375
 2000   0.5375   0.5375    0.537         0        0   80.625   0.5375
 3000    0.535   0.5375    0.537  4.54E-07  0.000673  80.5975   0.5375
 4000    0.535   0.5375    0.537  1.09E-07  0.00033    80.62   0.5375
 5000  0.461905   0.5375    0.536  7.25E-05  0.00851  80.4201   0.5375
 6000  0.461905   0.5375    0.537  4.98E-05  0.00706  80.4971   0.5375
 7000  0.495238   0.5375    0.537  2.37E-05  0.00487   80.538   0.5375
 8000  0.495238   0.5375    0.537  2.37E-05  0.00487  80.5405   0.5375
 9000  0.495238   0.5375    0.536  4.67E-05  0.00683   80.446   0.5375
10000  0.461905   0.5375    0.536  6.12E-05  0.00782  80.4649   0.5375

The specified number of iterations has been reached.

Best: 0 0 0 0 0 0 0 0 0 0 0 0 0 0 0 0 0 0 0 0
      0 0 0 0 0 0 0 0 0 1 0 0 0 1 0 0 0 0 0 0
      0 0 0 0 0 0 0 1 1 0 0 0 0 0 0 0 0 1 0 0
      0 0 0 0 0 0 0 0 0 0 0 0 0 0 1 1 0 0 0 0
      0 0 0 0 0 0 0 0 0 0 0 0 0 0 0 0 0 0 0 0
      0 0 0 0 0 0 0 0 0 0 0 0 0 0 0 0 1 0 0 0
      0 0 0 0 0 0 0 0 0 0 0 0 0 0 0 0 0 0 0 0
      1 0 0 0 0 0 0 0 0 0 0 0 1 0 0 0 0 1 0 0
      0 0 0 1 0 0 0 0 0 0 0 0 0 0 1 0 0 0 0 0
      0 0 0 0 0 0 0 0 0 0 0 1 0 0 0 0 0 0 0 1  (0.5375)


Best chrom:  0.0000  0.0000  0.0000  0.0000  0.0000  0.0000  0.0000  0.0000  0.0000  0.0000  0.0000  0.0000  0.0000  0.0000  0.0000  0.0000  0.0000  0.0000  0.0000  0.0000  0.0000  0.0000  0.0000  0.0000  0.0000  0.0000  0.0000  0.0000  0.0000  1.0000  0.0000  0.0000  0.0000  1.0000  0.0000  0.0000  0.0000  0.0000  0.0000  0.0000  0.0000  0.0000  0.0000  0.0000  0.0000  0.0000  0.0000  1.0000  1.0000  0.0000  0.0000  0.0000  0.0000  0.0000  0.0000  0.0000  0.0000  1.0000  0.0000  0.0000  0.0000  0.0000  0.0000  0.0000  0.0000  0.0000  0.0000  0.0000  0.0000  0.0000  0.0000  0.0000  0.0000  0.0000  1.0000  1.0000  0.0000  0.0000  0.0000  0.0000  0.0000  0.0000  0.0000  0.0000  0.0000  0.0000  0.0000  0.0000  0.0000  0.0000  0.0000  0.0000  0.0000  0.0000  0.0000  0.0000  0.0000  0.0000  0.0000  0.0000  0.0000  0.0000  0.0000  0.0000  0.0000  0.0000  0.0000  0.0000  0.0000  0.0000  0.0000  0.0000  0.0000  0.0000  0.0000  0.0000  1.0000  0.0000  0.0000  0.0000  0.0000  0.0000  0.0000  0.0000  0.0000  0.0000  0.0000  0.0000  0.0000  0.0000  0.0000  0.0000  0.0000  0.0000  0.0000  0.0000  0.0000  0.0000  0.0000  0.0000  1.0000  0.0000  0.0000  0.0000  0.0000  0.0000  0.0000  0.0000  0.0000  0.0000  0.0000  0.0000  1.0000  0.0000  0.0000  0.0000  0.0000  1.0000  0.0000  0.0000  0.0000  0.0000  0.0000  1.0000  0.0000  0.0000  0.0000  0.0000  0.0000  0.0000  0.0000  0.0000  0.0000  0.0000  1.0000  0.0000  0.0000  0.0000  0.0000  0.0000  0.0000  0.0000  0.0000  0.0000  0.0000  0.0000  0.0000  0.0000  0.0000  0.0000  0.0000  1.0000  0.0000  0.0000  0.0000  0.0000  0.0000  0.0000  0.0000  1.0000     (fitness: 0.5375)

------------------- ¡CLIQUE ENCONTRADO DE 15! :) -------------------

************************************
------------------------------------
************************************
Opening instancias/san200_0.7_1.clq.txt (200 nodes, 13930 edges)

LibGA Version 1.00
(c) Copyright Arthur L. Corcoran, 1992, 1993.  All rights reserved.

GA Configuration Information:
-----------------------------
Basic Info
   Random Seed       : 1609
   Data Type         : Bit
   Init Pool Entered : Randomly
   Chromosome Length : 200
   Pool Size         : 150
   Number of Trials  : 10000 iterations, or until convergence
   Minimize          : No
   Elitism           : Yes
   Scale Factor      : 0

Functions
   GA          : generational (Gap = 0)
   Selection   : roulette
   Crossover   : simple (Rate = 1)
   Mutation    : swap (Rate = 1)
   Replacement : append

Reports
   Type     : Short
   Interval : 1000
-----------------------------

Gener    Min      Max      Ave    Variance  Std Dev  Tot Fit    Best
-----  -------  -------  -------  --------  -------  -------  -------
    0  0.343001  0.357309     0.35  6.91E-06  0.00263   52.519  0.357309
    1  0.347886  0.359802    0.352  5.12E-06  0.00226  52.7868  0.359802
 1000    0.535   0.5375    0.537   6.8E-08  0.000261  80.6225   0.5375
 2000  0.495238   0.5375    0.537  1.21E-05  0.00348  80.5702   0.5375
 3000   0.5375   0.5375    0.537         0        0   80.625   0.5375
 4000  0.495238   0.5375    0.537  1.21E-05  0.00347  80.5727   0.5375
 5000   0.5375   0.5375    0.537         0        0   80.625   0.5375
 6000  0.480952   0.5375    0.537  2.14E-05  0.00462   80.566   0.5375
 7000  0.495238   0.5375    0.537  1.19E-05  0.00345  80.5827   0.5375
 8000  0.461905   0.5375    0.536  8.24E-05  0.00908  80.4363   0.5375
 9000  0.466667   0.5375    0.537  3.35E-05  0.00579  80.5542   0.5375
10000  0.495238   0.5375    0.537   1.2E-05  0.00346  80.5802   0.5375

The specified number of iterations has been reached.

Best: 0 0 0 0 0 0 0 0 1 0 0 0 1 0 0 0 0 0 0 0
      0 0 0 1 0 0 0 0 0 0 0 0 0 0 0 0 0 0 0 0
      0 0 0 0 0 0 0 0 0 0 0 0 1 0 0 1 0 0 0 0
      0 0 0 0 0 0 0 0 0 0 0 0 0 0 0 0 0 0 0 0
      0 0 0 0 0 0 0 0 0 0 0 0 0 0 1 0 0 0 0 1
      0 0 0 0 0 0 0 0 0 0 0 0 0 0 1 0 0 0 0 1
      0 0 0 0 0 0 0 0 0 0 0 0 0 0 0 0 0 1 0 0
      1 0 0 0 1 0 0 0 0 0 0 0 1 0 0 0 0 0 0 0
      0 0 0 0 0 0 0 0 0 0 0 0 0 0 0 0 1 0 0 0
      0 0 0 0 0 0 0 0 0 0 0 0 1 0 0 0 0 0 0 0  (0.5375)


Best chrom:  0.0000  0.0000  0.0000  0.0000  0.0000  0.0000  0.0000  0.0000  1.0000  0.0000  0.0000  0.0000  1.0000  0.0000  0.0000  0.0000  0.0000  0.0000  0.0000  0.0000  0.0000  0.0000  0.0000  1.0000  0.0000  0.0000  0.0000  0.0000  0.0000  0.0000  0.0000  0.0000  0.0000  0.0000  0.0000  0.0000  0.0000  0.0000  0.0000  0.0000  0.0000  0.0000  0.0000  0.0000  0.0000  0.0000  0.0000  0.0000  0.0000  0.0000  0.0000  0.0000  1.0000  0.0000  0.0000  1.0000  0.0000  0.0000  0.0000  0.0000  0.0000  0.0000  0.0000  0.0000  0.0000  0.0000  0.0000  0.0000  0.0000  0.0000  0.0000  0.0000  0.0000  0.0000  0.0000  0.0000  0.0000  0.0000  0.0000  0.0000  0.0000  0.0000  0.0000  0.0000  0.0000  0.0000  0.0000  0.0000  0.0000  0.0000  0.0000  0.0000  0.0000  0.0000  1.0000  0.0000  0.0000  0.0000  0.0000  1.0000  0.0000  0.0000  0.0000  0.0000  0.0000  0.0000  0.0000  0.0000  0.0000  0.0000  0.0000  0.0000  0.0000  0.0000  1.0000  0.0000  0.0000  0.0000  0.0000  1.0000  0.0000  0.0000  0.0000  0.0000  0.0000  0.0000  0.0000  0.0000  0.0000  0.0000  0.0000  0.0000  0.0000  0.0000  0.0000  0.0000  0.0000  1.0000  0.0000  0.0000  1.0000  0.0000  0.0000  0.0000  1.0000  0.0000  0.0000  0.0000  0.0000  0.0000  0.0000  0.0000  1.0000  0.0000  0.0000  0.0000  0.0000  0.0000  0.0000  0.0000  0.0000  0.0000  0.0000  0.0000  0.0000  0.0000  0.0000  0.0000  0.0000  0.0000  0.0000  0.0000  0.0000  0.0000  0.0000  0.0000  1.0000  0.0000  0.0000  0.0000  0.0000  0.0000  0.0000  0.0000  0.0000  0.0000  0.0000  0.0000  0.0000  0.0000  0.0000  0.0000  1.0000  0.0000  0.0000  0.0000  0.0000  0.0000  0.0000  0.0000     (fitness: 0.5375)

------------------- ¡CLIQUE ENCONTRADO DE 15! :) -------------------

************************************
------------------------------------
************************************
Opening instancias/san200_0.7_1.clq.txt (200 nodes, 13930 edges)

LibGA Version 1.00
(c) Copyright Arthur L. Corcoran, 1992, 1993.  All rights reserved.

GA Configuration Information:
-----------------------------
Basic Info
   Random Seed       : 1610
   Data Type         : Bit
   Init Pool Entered : Randomly
   Chromosome Length : 200
   Pool Size         : 150
   Number of Trials  : 10000 iterations, or until convergence
   Minimize          : No
   Elitism           : Yes
   Scale Factor      : 0

Functions
   GA          : generational (Gap = 0)
   Selection   : roulette
   Crossover   : simple (Rate = 1)
   Mutation    : swap (Rate = 1)
   Replacement : append

Reports
   Type     : Short
   Interval : 1000
-----------------------------

Gener    Min      Max      Ave    Variance  Std Dev  Tot Fit    Best
-----  -------  -------  -------  --------  -------  -------  -------
    0  0.34375  0.364386     0.35  8.89E-06  0.00298  52.5051  0.364386
    1  0.347044  0.364386    0.352  7.62E-06  0.00276  52.7774  0.364386
 1000  0.495238   0.5375    0.537  2.37E-05  0.00487   80.538   0.5375
 2000  0.466667   0.5375    0.537  3.36E-05  0.00579  80.5442   0.5375
 3000  0.461538   0.5375    0.536  6.16E-05  0.00785  80.4645   0.5375
 4000  0.466667   0.5375    0.537  4.51E-05  0.00672  80.5119   0.5375
 5000  0.495238   0.5375    0.537   1.2E-05  0.00346  80.5802   0.5375
 6000  0.457143   0.5375    0.536  7.91E-05  0.00889  80.4411   0.5375
 7000  0.452381   0.5375    0.535  0.000136   0.0116  80.3137   0.5375
 8000    0.535   0.5375    0.537   6.8E-08  0.000261  80.6225   0.5375
 9000    0.535   0.5375    0.537   6.8E-08  0.000261  80.6225   0.5375
10000  0.495238   0.5375    0.537  3.53E-05  0.00594  80.4982   0.5375

The specified number of iterations has been reached.

Best: 0 0 0 0 0 0 0 0 0 0 0 0 0 0 0 0 0 0 0 0
      0 0 0 0 0 0 0 0 0 0 0 0 0 0 1 0 0 0 0 0
      0 0 0 0 0 0 0 1 1 0 0 0 0 0 0 0 1 0 0 0
      0 0 0 0 0 0 0 1 0 0 0 0 0 0 0 0 0 0 0 0
      0 0 0 0 0 0 0 0 0 0 0 1 0 0 0 0 0 0 0 0
      0 0 0 0 0 0 0 0 0 0 0 1 0 0 0 1 0 0 0 0
      0 0 0 1 1 0 0 0 0 0 0 1 0 0 0 0 0 0 0 0
      0 0 0 0 0 0 1 0 0 0 0 0 0 0 0 0 1 0 0 0
      0 0 0 0 0 0 0 0 0 0 0 0 0 0 0 0 0 0 0 0
      0 0 0 0 0 0 0 0 0 0 0 0 1 0 0 0 0 0 0 1  (0.5375)


Best chrom:  0.0000  0.0000  0.0000  0.0000  0.0000  0.0000  0.0000  0.0000  0.0000  0.0000  0.0000  0.0000  0.0000  0.0000  0.0000  0.0000  0.0000  0.0000  0.0000  0.0000  0.0000  0.0000  0.0000  0.0000  0.0000  0.0000  0.0000  0.0000  0.0000  0.0000  0.0000  0.0000  0.0000  0.0000  1.0000  0.0000  0.0000  0.0000  0.0000  0.0000  0.0000  0.0000  0.0000  0.0000  0.0000  0.0000  0.0000  1.0000  1.0000  0.0000  0.0000  0.0000  0.0000  0.0000  0.0000  0.0000  1.0000  0.0000  0.0000  0.0000  0.0000  0.0000  0.0000  0.0000  0.0000  0.0000  0.0000  1.0000  0.0000  0.0000  0.0000  0.0000  0.0000  0.0000  0.0000  0.0000  0.0000  0.0000  0.0000  0.0000  0.0000  0.0000  0.0000  0.0000  0.0000  0.0000  0.0000  0.0000  0.0000  0.0000  0.0000  1.0000  0.0000  0.0000  0.0000  0.0000  0.0000  0.0000  0.0000  0.0000  0.0000  0.0000  0.0000  0.0000  0.0000  0.0000  0.0000  0.0000  0.0000  0.0000  0.0000  1.0000  0.0000  0.0000  0.0000  1.0000  0.0000  0.0000  0.0000  0.0000  0.0000  0.0000  0.0000  1.0000  1.0000  0.0000  0.0000  0.0000  0.0000  0.0000  0.0000  1.0000  0.0000  0.0000  0.0000  0.0000  0.0000  0.0000  0.0000  0.0000  0.0000  0.0000  0.0000  0.0000  0.0000  0.0000  1.0000  0.0000  0.0000  0.0000  0.0000  0.0000  0.0000  0.0000  0.0000  0.0000  1.0000  0.0000  0.0000  0.0000  0.0000  0.0000  0.0000  0.0000  0.0000  0.0000  0.0000  0.0000  0.0000  0.0000  0.0000  0.0000  0.0000  0.0000  0.0000  0.0000  0.0000  0.0000  0.0000  0.0000  0.0000  0.0000  0.0000  0.0000  0.0000  0.0000  0.0000  0.0000  0.0000  0.0000  0.0000  0.0000  1.0000  0.0000  0.0000  0.0000  0.0000  0.0000  0.0000  1.0000     (fitness: 0.5375)

------------------- ¡CLIQUE ENCONTRADO DE 15! :) -------------------

************************************
------------------------------------
************************************
Opening instancias/san200_0.7_1.clq.txt (200 nodes, 13930 edges)

LibGA Version 1.00
(c) Copyright Arthur L. Corcoran, 1992, 1993.  All rights reserved.

GA Configuration Information:
-----------------------------
Basic Info
   Random Seed       : 1611
   Data Type         : Bit
   Init Pool Entered : Randomly
   Chromosome Length : 200
   Pool Size         : 150
   Number of Trials  : 10000 iterations, or until convergence
   Minimize          : No
   Elitism           : Yes
   Scale Factor      : 0

Functions
   GA          : generational (Gap = 0)
   Selection   : roulette
   Crossover   : simple (Rate = 1)
   Mutation    : swap (Rate = 1)
   Replacement : append

Reports
   Type     : Short
   Interval : 1000
-----------------------------

Gener    Min      Max      Ave    Variance  Std Dev  Tot Fit    Best
-----  -------  -------  -------  --------  -------  -------  -------
    0  0.344658  0.359683     0.35  7.04E-06  0.00265  52.5309  0.359683
    1  0.345496  0.361466    0.352   6.2E-06  0.00249   52.761  0.361466
 1000  0.495238   0.5375    0.537  2.37E-05  0.00487  80.5405   0.5375
 2000  0.47619   0.5375    0.537  3.68E-05  0.00606  80.5189   0.5375
 3000    0.535   0.5375    0.537   6.8E-08  0.000261  80.6225   0.5375
 4000  0.471429   0.5375    0.537  4.08E-05  0.00639  80.5167   0.5375
 5000  0.495238   0.5375    0.537   1.2E-05  0.00346  80.5777   0.5375
 6000  0.466667   0.5375    0.537  3.35E-05  0.00579  80.5542   0.5375
 7000    0.535   0.5375    0.537   6.8E-08  0.000261  80.6225   0.5375
 8000  0.471429   0.5375    0.537  2.92E-05   0.0054  80.5539   0.5375
 9000    0.535   0.5375    0.537   6.8E-08  0.000261  80.6225   0.5375
10000   0.5375   0.5375    0.537         0        0   80.625   0.5375

The specified number of iterations has been reached.

Best: 0 0 0 0 0 0 0 0 0 0 0 0 0 0 0 1 0 0 0 0
      0 0 0 0 0 0 0 0 0 0 0 0 0 0 0 0 0 0 1 0
      0 0 0 0 0 0 0 0 0 0 0 0 0 0 0 0 0 0 0 0
      0 0 1 0 0 0 0 0 0 0 0 0 0 0 1 0 0 0 1 0
      0 0 0 0 0 0 0 0 0 1 0 0 0 0 0 1 0 0 0 0
      0 0 0 0 0 0 0 0 0 0 1 0 0 0 0 0 0 0 0 1
      0 0 0 0 0 0 0 0 0 0 0 1 0 0 0 0 1 1 0 0
      1 0 0 0 0 0 0 0 0 0 0 0 0 0 0 0 0 0 0 0
      0 1 0 0 0 0 0 0 0 0 0 0 0 0 0 0 0 0 0 0
      0 0 0 0 0 0 0 0 0 0 0 1 0 0 0 0 0 0 0 0  (0.5375)


Best chrom:  0.0000  0.0000  0.0000  0.0000  0.0000  0.0000  0.0000  0.0000  0.0000  0.0000  0.0000  0.0000  0.0000  0.0000  0.0000  1.0000  0.0000  0.0000  0.0000  0.0000  0.0000  0.0000  0.0000  0.0000  0.0000  0.0000  0.0000  0.0000  0.0000  0.0000  0.0000  0.0000  0.0000  0.0000  0.0000  0.0000  0.0000  0.0000  1.0000  0.0000  0.0000  0.0000  0.0000  0.0000  0.0000  0.0000  0.0000  0.0000  0.0000  0.0000  0.0000  0.0000  0.0000  0.0000  0.0000  0.0000  0.0000  0.0000  0.0000  0.0000  0.0000  0.0000  1.0000  0.0000  0.0000  0.0000  0.0000  0.0000  0.0000  0.0000  0.0000  0.0000  0.0000  0.0000  1.0000  0.0000  0.0000  0.0000  1.0000  0.0000  0.0000  0.0000  0.0000  0.0000  0.0000  0.0000  0.0000  0.0000  0.0000  1.0000  0.0000  0.0000  0.0000  0.0000  0.0000  1.0000  0.0000  0.0000  0.0000  0.0000  0.0000  0.0000  0.0000  0.0000  0.0000  0.0000  0.0000  0.0000  0.0000  0.0000  1.0000  0.0000  0.0000  0.0000  0.0000  0.0000  0.0000  0.0000  0.0000  1.0000  0.0000  0.0000  0.0000  0.0000  0.0000  0.0000  0.0000  0.0000  0.0000  0.0000  0.0000  1.0000  0.0000  0.0000  0.0000  0.0000  1.0000  1.0000  0.0000  0.0000  1.0000  0.0000  0.0000  0.0000  0.0000  0.0000  0.0000  0.0000  0.0000  0.0000  0.0000  0.0000  0.0000  0.0000  0.0000  0.0000  0.0000  0.0000  0.0000  0.0000  0.0000  1.0000  0.0000  0.0000  0.0000  0.0000  0.0000  0.0000  0.0000  0.0000  0.0000  0.0000  0.0000  0.0000  0.0000  0.0000  0.0000  0.0000  0.0000  0.0000  0.0000  0.0000  0.0000  0.0000  0.0000  0.0000  0.0000  0.0000  0.0000  0.0000  0.0000  1.0000  0.0000  0.0000  0.0000  0.0000  0.0000  0.0000  0.0000  0.0000     (fitness: 0.5375)

------------------- ¡CLIQUE ENCONTRADO DE 15! :) -------------------

************************************
------------------------------------
************************************
Opening instancias/san200_0.7_1.clq.txt (200 nodes, 13930 edges)

LibGA Version 1.00
(c) Copyright Arthur L. Corcoran, 1992, 1993.  All rights reserved.

GA Configuration Information:
-----------------------------
Basic Info
   Random Seed       : 1612
   Data Type         : Bit
   Init Pool Entered : Randomly
   Chromosome Length : 200
   Pool Size         : 150
   Number of Trials  : 10000 iterations, or until convergence
   Minimize          : No
   Elitism           : Yes
   Scale Factor      : 0

Functions
   GA          : generational (Gap = 0)
   Selection   : roulette
   Crossover   : simple (Rate = 1)
   Mutation    : swap (Rate = 1)
   Replacement : append

Reports
   Type     : Short
   Interval : 1000
-----------------------------

Gener    Min      Max      Ave    Variance  Std Dev  Tot Fit    Best
-----  -------  -------  -------  --------  -------  -------  -------
    0  0.344086  0.355182     0.35  5.04E-06  0.00225  52.4628  0.355182
    1  0.346512  0.356322    0.351  4.39E-06  0.00209   52.681  0.356322
 1000  0.495238   0.5375    0.537  1.19E-05  0.00345  80.5827   0.5375
 2000  0.495238   0.5375    0.537  2.34E-05  0.00484  80.5336   0.5375
 3000  0.467033   0.5375    0.536  5.63E-05   0.0075    80.47   0.5375
 4000  0.456044   0.5375    0.537  4.43E-05  0.00665  80.5435   0.5375
 5000  0.471429   0.5375    0.537  2.91E-05   0.0054  80.5589   0.5375
 6000  0.466667   0.5375    0.536  5.66E-05  0.00752  80.4671   0.5375
 7000  0.495238   0.5375    0.537   1.2E-05  0.00346  80.5802   0.5375
 8000  0.495833   0.5375    0.537  1.18E-05  0.00344  80.5708   0.5375
 9000    0.535   0.5375    0.537   6.8E-08  0.000261  80.6225   0.5375
10000  0.47619   0.5375    0.537  2.51E-05  0.00501  80.5612   0.5375

The specified number of iterations has been reached.

Best: 0 0 0 0 0 0 0 0 0 0 0 0 0 0 0 0 0 0 0 0
      0 0 0 0 0 0 0 0 0 1 1 0 0 0 0 0 0 0 0 0
      0 0 0 0 0 0 0 0 0 0 0 0 0 0 0 1 0 0 0 0
      0 0 0 0 0 0 0 0 0 1 0 0 0 0 0 0 0 0 0 0
      0 0 0 0 0 0 0 0 0 0 0 0 0 0 0 0 0 0 0 1
      0 0 0 0 0 0 1 0 0 0 0 0 0 0 1 0 1 0 0 0
      0 0 0 1 1 0 0 0 0 0 0 0 0 0 0 0 0 0 0 0
      0 0 0 0 1 0 0 0 1 0 0 0 0 0 0 0 0 0 0 0
      0 1 0 0 0 0 0 0 0 0 0 0 0 1 0 0 0 0 0 0
      0 0 0 0 0 0 0 0 0 0 0 0 0 0 0 1 0 0 0 0  (0.5375)


Best chrom:  0.0000  0.0000  0.0000  0.0000  0.0000  0.0000  0.0000  0.0000  0.0000  0.0000  0.0000  0.0000  0.0000  0.0000  0.0000  0.0000  0.0000  0.0000  0.0000  0.0000  0.0000  0.0000  0.0000  0.0000  0.0000  0.0000  0.0000  0.0000  0.0000  1.0000  1.0000  0.0000  0.0000  0.0000  0.0000  0.0000  0.0000  0.0000  0.0000  0.0000  0.0000  0.0000  0.0000  0.0000  0.0000  0.0000  0.0000  0.0000  0.0000  0.0000  0.0000  0.0000  0.0000  0.0000  0.0000  1.0000  0.0000  0.0000  0.0000  0.0000  0.0000  0.0000  0.0000  0.0000  0.0000  0.0000  0.0000  0.0000  0.0000  1.0000  0.0000  0.0000  0.0000  0.0000  0.0000  0.0000  0.0000  0.0000  0.0000  0.0000  0.0000  0.0000  0.0000  0.0000  0.0000  0.0000  0.0000  0.0000  0.0000  0.0000  0.0000  0.0000  0.0000  0.0000  0.0000  0.0000  0.0000  0.0000  0.0000  1.0000  0.0000  0.0000  0.0000  0.0000  0.0000  0.0000  1.0000  0.0000  0.0000  0.0000  0.0000  0.0000  0.0000  0.0000  1.0000  0.0000  1.0000  0.0000  0.0000  0.0000  0.0000  0.0000  0.0000  1.0000  1.0000  0.0000  0.0000  0.0000  0.0000  0.0000  0.0000  0.0000  0.0000  0.0000  0.0000  0.0000  0.0000  0.0000  0.0000  0.0000  0.0000  0.0000  0.0000  0.0000  1.0000  0.0000  0.0000  0.0000  1.0000  0.0000  0.0000  0.0000  0.0000  0.0000  0.0000  0.0000  0.0000  0.0000  0.0000  0.0000  0.0000  1.0000  0.0000  0.0000  0.0000  0.0000  0.0000  0.0000  0.0000  0.0000  0.0000  0.0000  0.0000  1.0000  0.0000  0.0000  0.0000  0.0000  0.0000  0.0000  0.0000  0.0000  0.0000  0.0000  0.0000  0.0000  0.0000  0.0000  0.0000  0.0000  0.0000  0.0000  0.0000  0.0000  0.0000  1.0000  0.0000  0.0000  0.0000  0.0000     (fitness: 0.5375)

------------------- ¡CLIQUE ENCONTRADO DE 15! :) -------------------

************************************
------------------------------------
************************************
Opening instancias/san200_0.7_1.clq.txt (200 nodes, 13930 edges)

LibGA Version 1.00
(c) Copyright Arthur L. Corcoran, 1992, 1993.  All rights reserved.

GA Configuration Information:
-----------------------------
Basic Info
   Random Seed       : 1613
   Data Type         : Bit
   Init Pool Entered : Randomly
   Chromosome Length : 200
   Pool Size         : 150
   Number of Trials  : 10000 iterations, or until convergence
   Minimize          : No
   Elitism           : Yes
   Scale Factor      : 0

Functions
   GA          : generational (Gap = 0)
   Selection   : roulette
   Crossover   : simple (Rate = 1)
   Mutation    : swap (Rate = 1)
   Replacement : append

Reports
   Type     : Short
   Interval : 1000
-----------------------------

Gener    Min      Max      Ave    Variance  Std Dev  Tot Fit    Best
-----  -------  -------  -------  --------  -------  -------  -------
    0  0.345422  0.359352     0.35  5.81E-06  0.00241  52.5016  0.359352
    1  0.347161  0.359352    0.351  4.95E-06  0.00223  52.6762  0.359352
 1000  0.495238   0.5375    0.537   1.2E-05  0.00347  80.5752   0.5375
 2000  0.466667   0.5375    0.536  8.25E-05  0.00908   80.429   0.5375
 3000  0.471429   0.5375    0.537  4.09E-05  0.00639  80.5067   0.5375
 4000   0.5375   0.5375    0.537         0        0   80.625   0.5375
 5000  0.495238   0.5375    0.537   1.2E-05  0.00346  80.5802   0.5375
 6000  0.495238   0.5375    0.537   1.2E-05  0.00346  80.5802   0.5375
 7000  0.495238   0.5375    0.537  2.37E-05  0.00487   80.538   0.5375
 8000  0.495238   0.5375    0.537   1.2E-05  0.00346  80.5802   0.5375
 9000   0.5375   0.5375    0.537         0        0   80.625   0.5375
10000  0.461905   0.5375    0.537  4.97E-05  0.00705  80.5071   0.5375

The specified number of iterations has been reached.

Best: 0 0 0 0 0 0 0 0 0 0 0 0 0 0 0 0 0 0 0 0
      0 0 0 0 0 0 0 0 1 1 0 0 0 0 0 0 0 0 1 0
      0 0 0 0 0 0 0 1 1 0 0 0 0 0 0 1 1 1 0 0
      0 0 0 0 0 0 0 0 0 0 0 0 0 0 0 0 0 0 0 0
      0 0 0 0 0 0 0 0 0 0 0 1 0 0 0 0 0 0 0 0
      0 0 0 0 0 0 0 0 0 0 0 0 0 0 0 0 0 0 0 0
      0 0 0 0 0 0 0 0 0 0 0 0 0 0 0 0 0 0 0 0
      0 0 0 0 0 0 1 0 0 0 0 0 1 1 0 0 0 0 0 0
      0 0 0 1 0 0 0 0 0 0 0 0 0 0 0 0 0 0 0 1
      0 0 0 0 0 0 0 0 0 0 0 0 0 1 0 0 0 0 0 0  (0.5375)


Best chrom:  0.0000  0.0000  0.0000  0.0000  0.0000  0.0000  0.0000  0.0000  0.0000  0.0000  0.0000  0.0000  0.0000  0.0000  0.0000  0.0000  0.0000  0.0000  0.0000  0.0000  0.0000  0.0000  0.0000  0.0000  0.0000  0.0000  0.0000  0.0000  1.0000  1.0000  0.0000  0.0000  0.0000  0.0000  0.0000  0.0000  0.0000  0.0000  1.0000  0.0000  0.0000  0.0000  0.0000  0.0000  0.0000  0.0000  0.0000  1.0000  1.0000  0.0000  0.0000  0.0000  0.0000  0.0000  0.0000  1.0000  1.0000  1.0000  0.0000  0.0000  0.0000  0.0000  0.0000  0.0000  0.0000  0.0000  0.0000  0.0000  0.0000  0.0000  0.0000  0.0000  0.0000  0.0000  0.0000  0.0000  0.0000  0.0000  0.0000  0.0000  0.0000  0.0000  0.0000  0.0000  0.0000  0.0000  0.0000  0.0000  0.0000  0.0000  0.0000  1.0000  0.0000  0.0000  0.0000  0.0000  0.0000  0.0000  0.0000  0.0000  0.0000  0.0000  0.0000  0.0000  0.0000  0.0000  0.0000  0.0000  0.0000  0.0000  0.0000  0.0000  0.0000  0.0000  0.0000  0.0000  0.0000  0.0000  0.0000  0.0000  0.0000  0.0000  0.0000  0.0000  0.0000  0.0000  0.0000  0.0000  0.0000  0.0000  0.0000  0.0000  0.0000  0.0000  0.0000  0.0000  0.0000  0.0000  0.0000  0.0000  0.0000  0.0000  0.0000  0.0000  0.0000  0.0000  1.0000  0.0000  0.0000  0.0000  0.0000  0.0000  1.0000  1.0000  0.0000  0.0000  0.0000  0.0000  0.0000  0.0000  0.0000  0.0000  0.0000  1.0000  0.0000  0.0000  0.0000  0.0000  0.0000  0.0000  0.0000  0.0000  0.0000  0.0000  0.0000  0.0000  0.0000  0.0000  0.0000  1.0000  0.0000  0.0000  0.0000  0.0000  0.0000  0.0000  0.0000  0.0000  0.0000  0.0000  0.0000  0.0000  0.0000  1.0000  0.0000  0.0000  0.0000  0.0000  0.0000  0.0000     (fitness: 0.5375)

------------------- ¡CLIQUE ENCONTRADO DE 15! :) -------------------

************************************
------------------------------------
************************************
Opening instancias/san200_0.7_1.clq.txt (200 nodes, 13930 edges)

LibGA Version 1.00
(c) Copyright Arthur L. Corcoran, 1992, 1993.  All rights reserved.

GA Configuration Information:
-----------------------------
Basic Info
   Random Seed       : 1614
   Data Type         : Bit
   Init Pool Entered : Randomly
   Chromosome Length : 200
   Pool Size         : 150
   Number of Trials  : 10000 iterations, or until convergence
   Minimize          : No
   Elitism           : Yes
   Scale Factor      : 0

Functions
   GA          : generational (Gap = 0)
   Selection   : roulette
   Crossover   : simple (Rate = 1)
   Mutation    : swap (Rate = 1)
   Replacement : append

Reports
   Type     : Short
   Interval : 1000
-----------------------------

Gener    Min      Max      Ave    Variance  Std Dev  Tot Fit    Best
-----  -------  -------  -------  --------  -------  -------  -------
    0  0.344465  0.356546     0.35  5.21E-06  0.00228  52.4687  0.356546
    1  0.347723  0.356546    0.351  4.23E-06  0.00206  52.6809  0.356546
 1000    0.535   0.5375    0.537   6.8E-08  0.000261  80.6225   0.5375
 2000  0.470833   0.5375    0.537   4.1E-05  0.00641  80.5092   0.5375
 3000   0.5375   0.5375    0.537         0        0   80.625   0.5375
 4000    0.535   0.5375    0.537   6.8E-08  0.000261  80.6225   0.5375
 5000  0.495238   0.5375    0.537  2.37E-05  0.00487   80.538   0.5375
 6000  0.492647     0.54     0.54   1.5E-05  0.00387  80.9526     0.54
 7000  0.491667     0.54     0.54  1.56E-05  0.00395  80.9517     0.54
 8000   0.5375     0.54     0.54  1.02E-07  0.000319   80.995     0.54
 9000     0.54     0.54     0.54         0        0       81     0.54
10000     0.54     0.54     0.54         0        0       81     0.54

The specified number of iterations has been reached.

Best: 0 0 0 0 0 0 0 0 0 0 0 0 1 1 0 1 0 0 1 0
      0 0 0 0 0 0 0 0 0 0 0 0 0 0 0 0 0 0 1 0
      0 0 0 0 0 0 1 0 0 0 0 0 1 0 0 0 0 0 0 0
      0 0 0 0 0 0 0 0 0 0 0 0 0 0 0 0 0 1 0 0
      0 0 0 0 0 0 0 0 0 1 0 1 0 0 0 0 0 0 0 0
      0 1 0 0 0 0 0 0 0 0 0 0 0 0 0 0 0 0 0 0
      0 0 0 0 0 0 0 0 0 0 0 0 0 0 0 0 0 0 0 0
      0 0 0 0 0 0 0 0 1 0 0 0 0 1 0 0 0 0 0 0
      0 0 0 0 0 0 0 0 1 0 0 0 0 1 0 0 0 0 1 0
      0 0 0 0 0 0 0 0 0 0 0 0 0 0 0 0 0 0 0 0  (0.54)


Best chrom:  0.0000  0.0000  0.0000  0.0000  0.0000  0.0000  0.0000  0.0000  0.0000  0.0000  0.0000  0.0000  1.0000  1.0000  0.0000  1.0000  0.0000  0.0000  1.0000  0.0000  0.0000  0.0000  0.0000  0.0000  0.0000  0.0000  0.0000  0.0000  0.0000  0.0000  0.0000  0.0000  0.0000  0.0000  0.0000  0.0000  0.0000  0.0000  1.0000  0.0000  0.0000  0.0000  0.0000  0.0000  0.0000  0.0000  1.0000  0.0000  0.0000  0.0000  0.0000  0.0000  1.0000  0.0000  0.0000  0.0000  0.0000  0.0000  0.0000  0.0000  0.0000  0.0000  0.0000  0.0000  0.0000  0.0000  0.0000  0.0000  0.0000  0.0000  0.0000  0.0000  0.0000  0.0000  0.0000  0.0000  0.0000  1.0000  0.0000  0.0000  0.0000  0.0000  0.0000  0.0000  0.0000  0.0000  0.0000  0.0000  0.0000  1.0000  0.0000  1.0000  0.0000  0.0000  0.0000  0.0000  0.0000  0.0000  0.0000  0.0000  0.0000  1.0000  0.0000  0.0000  0.0000  0.0000  0.0000  0.0000  0.0000  0.0000  0.0000  0.0000  0.0000  0.0000  0.0000  0.0000  0.0000  0.0000  0.0000  0.0000  0.0000  0.0000  0.0000  0.0000  0.0000  0.0000  0.0000  0.0000  0.0000  0.0000  0.0000  0.0000  0.0000  0.0000  0.0000  0.0000  0.0000  0.0000  0.0000  0.0000  0.0000  0.0000  0.0000  0.0000  0.0000  0.0000  0.0000  0.0000  1.0000  0.0000  0.0000  0.0000  0.0000  1.0000  0.0000  0.0000  0.0000  0.0000  0.0000  0.0000  0.0000  0.0000  0.0000  0.0000  0.0000  0.0000  0.0000  0.0000  1.0000  0.0000  0.0000  0.0000  0.0000  1.0000  0.0000  0.0000  0.0000  0.0000  1.0000  0.0000  0.0000  0.0000  0.0000  0.0000  0.0000  0.0000  0.0000  0.0000  0.0000  0.0000  0.0000  0.0000  0.0000  0.0000  0.0000  0.0000  0.0000  0.0000  0.0000  0.0000     (fitness: 0.54)

------------------- ¡CLIQUE ENCONTRADO DE 16! :) -------------------

************************************
------------------------------------
************************************
