Tue Dec  8 18:26:40 CET 2020
Opening instancias/keller4.clq.txt (171 nodes, 9435 edges)

LibGA Version 1.00
(c) Copyright Arthur L. Corcoran, 1992, 1993.  All rights reserved.

GA Configuration Information:
-----------------------------
Basic Info
   Random Seed       : 1684
   Data Type         : Bit
   Init Pool Entered : Randomly
   Chromosome Length : 171
   Pool Size         : 500
   Number of Trials  : 10000 iterations, or until convergence
   Minimize          : No
   Elitism           : Yes
   Scale Factor      : 0

Functions
   GA          : generational (Gap = 0)
   Selection   : roulette
   Crossover   : simple (Rate = 1)
   Mutation    : simple_invert (Rate = 1)
   Replacement : append

Reports
   Type     : Short
   Interval : 1000
-----------------------------

Gener    Min      Max      Ave    Variance  Std Dev  Tot Fit    Best
-----  -------  -------  -------  --------  -------  -------  -------
    0  0.310904  0.339356    0.324   1.6E-05    0.004  162.219  0.339356
    1  0.314706  0.339356    0.327  1.16E-05  0.00341  163.325  0.339356
 1000  0.417582  0.532164    0.489  0.000954   0.0309  244.517  0.532164
 2000  0.429487  0.532164    0.487  0.000951   0.0308  243.735  0.532164
 3000  0.423077  0.532164    0.484  0.000922   0.0304  241.792  0.532164
 4000  0.423077  0.532164    0.484  0.000935   0.0306  242.068  0.532164
 5000  0.422222  0.532164    0.489   0.00101   0.0317   244.35  0.532164
 6000  0.423077  0.532164    0.483  0.000853   0.0292  241.469  0.532164
 7000  0.431818  0.532164    0.486  0.000934   0.0306  243.072  0.532164
 8000  0.428571  0.532164    0.485  0.000947   0.0308  242.589  0.532164
 9000  0.416667  0.532164    0.487  0.000935   0.0306  243.351  0.532164
10000  0.431818  0.532164    0.488  0.000974   0.0312  244.066  0.532164

The specified number of iterations has been reached.

Best: 0 0 0 1 0 0 0 0 0 0 0 0 0 0 0 1 0 0 0 0
      0 1 0 0 0 0 0 1 0 0 0 0 0 0 0 0 0 0 0 0
      0 1 0 0 0 0 0 0 0 0 0 0 0 0 0 0 0 0 0 0
      0 0 0 0 0 0 0 0 0 0 0 0 0 0 0 0 0 0 0 0
      0 0 0 0 0 0 1 0 0 0 0 0 0 0 0 0 0 1 0 0
      0 0 0 0 0 0 0 0 0 0 0 1 0 0 0 0 0 0 0 1
      0 0 0 0 0 1 0 0 0 0 0 0 0 0 0 0 0 1 0 0
      0 0 0 0 0 0 0 0 0 0 0 0 0 0 0 0 0 0 0 0
      0 0 0 0 0 0 0 0 0 0 0  (0.532164)


Best chrom:  0.0000  0.0000  0.0000  1.0000  0.0000  0.0000  0.0000  0.0000  0.0000  0.0000  0.0000  0.0000  0.0000  0.0000  0.0000  1.0000  0.0000  0.0000  0.0000  0.0000  0.0000  1.0000  0.0000  0.0000  0.0000  0.0000  0.0000  1.0000  0.0000  0.0000  0.0000  0.0000  0.0000  0.0000  0.0000  0.0000  0.0000  0.0000  0.0000  0.0000  0.0000  1.0000  0.0000  0.0000  0.0000  0.0000  0.0000  0.0000  0.0000  0.0000  0.0000  0.0000  0.0000  0.0000  0.0000  0.0000  0.0000  0.0000  0.0000  0.0000  0.0000  0.0000  0.0000  0.0000  0.0000  0.0000  0.0000  0.0000  0.0000  0.0000  0.0000  0.0000  0.0000  0.0000  0.0000  0.0000  0.0000  0.0000  0.0000  0.0000  0.0000  0.0000  0.0000  0.0000  0.0000  0.0000  1.0000  0.0000  0.0000  0.0000  0.0000  0.0000  0.0000  0.0000  0.0000  0.0000  0.0000  1.0000  0.0000  0.0000  0.0000  0.0000  0.0000  0.0000  0.0000  0.0000  0.0000  0.0000  0.0000  0.0000  0.0000  1.0000  0.0000  0.0000  0.0000  0.0000  0.0000  0.0000  0.0000  1.0000  0.0000  0.0000  0.0000  0.0000  0.0000  1.0000  0.0000  0.0000  0.0000  0.0000  0.0000  0.0000  0.0000  0.0000  0.0000  0.0000  0.0000  1.0000  0.0000  0.0000  0.0000  0.0000  0.0000  0.0000  0.0000  0.0000  0.0000  0.0000  0.0000  0.0000  0.0000  0.0000  0.0000  0.0000  0.0000  0.0000  0.0000  0.0000  0.0000  0.0000  0.0000  0.0000  0.0000  0.0000  0.0000  0.0000  0.0000  0.0000  0.0000  0.0000  0.0000     (fitness: 0.532164)

------------------- ¡CLIQUE ENCONTRADO DE 11! :) -------------------

------------------- ¡Y ES EL MAXIMO CLIQUE! :) -------------------

************************************
------------------------------------
************************************
Opening instancias/keller4.clq.txt (171 nodes, 9435 edges)

LibGA Version 1.00
(c) Copyright Arthur L. Corcoran, 1992, 1993.  All rights reserved.

GA Configuration Information:
-----------------------------
Basic Info
   Random Seed       : 1685
   Data Type         : Bit
   Init Pool Entered : Randomly
   Chromosome Length : 171
   Pool Size         : 500
   Number of Trials  : 10000 iterations, or until convergence
   Minimize          : No
   Elitism           : Yes
   Scale Factor      : 0

Functions
   GA          : generational (Gap = 0)
   Selection   : roulette
   Crossover   : simple (Rate = 1)
   Mutation    : simple_invert (Rate = 1)
   Replacement : append

Reports
   Type     : Short
   Interval : 1000
-----------------------------

Gener    Min      Max      Ave    Variance  Std Dev  Tot Fit    Best
-----  -------  -------  -------  --------  -------  -------  -------
    0  0.314087  0.335055    0.325  1.46E-05  0.00382  162.371  0.335055
    1  0.316975  0.335055    0.327  8.64E-06  0.00294  163.449  0.335055
 1000  0.418182  0.526316    0.483  0.000885   0.0298  241.426  0.526316
 2000  0.427273  0.526316    0.481  0.000853   0.0292  240.736  0.526316
 3000  0.424242  0.526316     0.48  0.000823   0.0287    239.8  0.526316
 4000  0.422222  0.526316    0.483  0.000858   0.0293   241.71  0.526316
 5000  0.416667  0.526316    0.484  0.000908   0.0301  242.118  0.526316
 6000  0.423077  0.526316    0.484  0.000866   0.0294  241.932  0.526316
 7000  0.416667  0.526316    0.482  0.000833   0.0289  240.999  0.526316
 8000  0.418182  0.526316    0.481  0.000873   0.0295   240.64  0.526316
 9000  0.410714  0.526316    0.482  0.000837   0.0289  240.824  0.526316
10000  0.409091  0.526316     0.48  0.000883   0.0297  240.121  0.526316

The specified number of iterations has been reached.

Best: 0 1 0 0 0 0 0 0 0 0 0 0 0 0 0 0 0 0 0 0
      0 1 0 1 0 0 0 1 0 0 0 0 0 0 0 0 0 0 0 0
      0 0 0 0 0 0 0 0 0 0 0 0 0 0 0 0 0 0 0 0
      0 0 0 0 0 0 0 0 0 0 0 0 1 0 0 0 0 0 0 0
      0 1 0 0 0 0 1 0 0 0 0 0 0 0 0 0 0 0 0 0
      0 0 0 0 0 0 0 0 0 0 1 0 0 0 0 0 1 0 0 0
      0 0 0 0 0 0 0 0 0 0 0 0 0 0 0 0 0 0 0 0
      0 0 0 0 0 0 0 0 0 0 0 0 0 0 0 0 0 0 0 0
      0 0 0 0 0 0 0 0 0 0 0  (0.526316)


Best chrom:  0.0000  1.0000  0.0000  0.0000  0.0000  0.0000  0.0000  0.0000  0.0000  0.0000  0.0000  0.0000  0.0000  0.0000  0.0000  0.0000  0.0000  0.0000  0.0000  0.0000  0.0000  1.0000  0.0000  1.0000  0.0000  0.0000  0.0000  1.0000  0.0000  0.0000  0.0000  0.0000  0.0000  0.0000  0.0000  0.0000  0.0000  0.0000  0.0000  0.0000  0.0000  0.0000  0.0000  0.0000  0.0000  0.0000  0.0000  0.0000  0.0000  0.0000  0.0000  0.0000  0.0000  0.0000  0.0000  0.0000  0.0000  0.0000  0.0000  0.0000  0.0000  0.0000  0.0000  0.0000  0.0000  0.0000  0.0000  0.0000  0.0000  0.0000  0.0000  0.0000  1.0000  0.0000  0.0000  0.0000  0.0000  0.0000  0.0000  0.0000  0.0000  1.0000  0.0000  0.0000  0.0000  0.0000  1.0000  0.0000  0.0000  0.0000  0.0000  0.0000  0.0000  0.0000  0.0000  0.0000  0.0000  0.0000  0.0000  0.0000  0.0000  0.0000  0.0000  0.0000  0.0000  0.0000  0.0000  0.0000  0.0000  0.0000  1.0000  0.0000  0.0000  0.0000  0.0000  0.0000  1.0000  0.0000  0.0000  0.0000  0.0000  0.0000  0.0000  0.0000  0.0000  0.0000  0.0000  0.0000  0.0000  0.0000  0.0000  0.0000  0.0000  0.0000  0.0000  0.0000  0.0000  0.0000  0.0000  0.0000  0.0000  0.0000  0.0000  0.0000  0.0000  0.0000  0.0000  0.0000  0.0000  0.0000  0.0000  0.0000  0.0000  0.0000  0.0000  0.0000  0.0000  0.0000  0.0000  0.0000  0.0000  0.0000  0.0000  0.0000  0.0000  0.0000  0.0000  0.0000  0.0000  0.0000  0.0000     (fitness: 0.526316)

------------------- ¡CLIQUE ENCONTRADO DE 9! :) -------------------

************************************
------------------------------------
************************************
Opening instancias/keller4.clq.txt (171 nodes, 9435 edges)

LibGA Version 1.00
(c) Copyright Arthur L. Corcoran, 1992, 1993.  All rights reserved.

GA Configuration Information:
-----------------------------
Basic Info
   Random Seed       : 1686
   Data Type         : Bit
   Init Pool Entered : Randomly
   Chromosome Length : 171
   Pool Size         : 500
   Number of Trials  : 10000 iterations, or until convergence
   Minimize          : No
   Elitism           : Yes
   Scale Factor      : 0

Functions
   GA          : generational (Gap = 0)
   Selection   : roulette
   Crossover   : simple (Rate = 1)
   Mutation    : simple_invert (Rate = 1)
   Replacement : append

Reports
   Type     : Short
   Interval : 1000
-----------------------------

Gener    Min      Max      Ave    Variance  Std Dev  Tot Fit    Best
-----  -------  -------  -------  --------  -------  -------  -------
    0  0.310298  0.335246    0.325  1.56E-05  0.00395  162.371  0.335246
    1  0.318038  0.336185    0.327  9.45E-06  0.00307  163.562  0.336185
 1000  0.416667  0.526316    0.484  0.000968   0.0311   241.75  0.526316
 2000  0.416667  0.526316    0.482  0.000905   0.0301  240.824  0.526316
 3000      0.4  0.526316     0.48   0.00101   0.0317  239.787  0.526316
 4000  0.416667  0.526316    0.481  0.000987   0.0314   240.32  0.526316
 5000  0.422222  0.526316    0.482   0.00094   0.0307  240.983  0.526316
 6000  0.409091  0.526316    0.481   0.00101   0.0317  240.652  0.526316
 7000  0.390909  0.526316    0.485     0.001   0.0316  242.295  0.526316
 8000  0.411111  0.526316    0.481  0.000979   0.0313  240.255  0.526316
 9000  0.409091  0.526316    0.479  0.000897     0.03  239.562  0.526316
10000  0.409091  0.526316    0.477  0.000937   0.0306  238.328  0.526316

The specified number of iterations has been reached.

Best: 0 1 0 0 0 0 0 0 0 0 0 0 0 0 0 1 0 0 0 0
      0 1 0 0 0 0 0 0 0 0 0 0 0 0 0 0 0 0 0 0
      0 0 0 0 0 0 0 0 0 0 0 0 0 0 0 0 0 0 0 0
      0 0 0 0 1 0 0 0 0 0 0 0 0 0 0 0 0 0 0 0
      0 0 0 0 0 0 1 0 0 0 0 0 0 0 0 1 0 0 0 0
      0 0 0 0 0 0 0 0 0 0 0 0 0 0 0 0 0 0 0 0
      0 0 1 0 0 0 0 0 1 0 0 0 0 0 0 0 0 0 0 0
      0 0 0 0 0 0 0 0 0 0 1 0 0 0 0 0 0 0 0 0
      0 0 0 0 0 0 0 0 0 0 0  (0.526316)


Best chrom:  0.0000  1.0000  0.0000  0.0000  0.0000  0.0000  0.0000  0.0000  0.0000  0.0000  0.0000  0.0000  0.0000  0.0000  0.0000  1.0000  0.0000  0.0000  0.0000  0.0000  0.0000  1.0000  0.0000  0.0000  0.0000  0.0000  0.0000  0.0000  0.0000  0.0000  0.0000  0.0000  0.0000  0.0000  0.0000  0.0000  0.0000  0.0000  0.0000  0.0000  0.0000  0.0000  0.0000  0.0000  0.0000  0.0000  0.0000  0.0000  0.0000  0.0000  0.0000  0.0000  0.0000  0.0000  0.0000  0.0000  0.0000  0.0000  0.0000  0.0000  0.0000  0.0000  0.0000  0.0000  1.0000  0.0000  0.0000  0.0000  0.0000  0.0000  0.0000  0.0000  0.0000  0.0000  0.0000  0.0000  0.0000  0.0000  0.0000  0.0000  0.0000  0.0000  0.0000  0.0000  0.0000  0.0000  1.0000  0.0000  0.0000  0.0000  0.0000  0.0000  0.0000  0.0000  0.0000  1.0000  0.0000  0.0000  0.0000  0.0000  0.0000  0.0000  0.0000  0.0000  0.0000  0.0000  0.0000  0.0000  0.0000  0.0000  0.0000  0.0000  0.0000  0.0000  0.0000  0.0000  0.0000  0.0000  0.0000  0.0000  0.0000  0.0000  1.0000  0.0000  0.0000  0.0000  0.0000  0.0000  1.0000  0.0000  0.0000  0.0000  0.0000  0.0000  0.0000  0.0000  0.0000  0.0000  0.0000  0.0000  0.0000  0.0000  0.0000  0.0000  0.0000  0.0000  0.0000  0.0000  0.0000  0.0000  1.0000  0.0000  0.0000  0.0000  0.0000  0.0000  0.0000  0.0000  0.0000  0.0000  0.0000  0.0000  0.0000  0.0000  0.0000  0.0000  0.0000  0.0000  0.0000  0.0000  0.0000     (fitness: 0.526316)

------------------- ¡CLIQUE ENCONTRADO DE 9! :) -------------------

************************************
------------------------------------
************************************
Opening instancias/keller4.clq.txt (171 nodes, 9435 edges)

LibGA Version 1.00
(c) Copyright Arthur L. Corcoran, 1992, 1993.  All rights reserved.

GA Configuration Information:
-----------------------------
Basic Info
   Random Seed       : 1687
   Data Type         : Bit
   Init Pool Entered : Randomly
   Chromosome Length : 171
   Pool Size         : 500
   Number of Trials  : 10000 iterations, or until convergence
   Minimize          : No
   Elitism           : Yes
   Scale Factor      : 0

Functions
   GA          : generational (Gap = 0)
   Selection   : roulette
   Crossover   : simple (Rate = 1)
   Mutation    : simple_invert (Rate = 1)
   Replacement : append

Reports
   Type     : Short
   Interval : 1000
-----------------------------

Gener    Min      Max      Ave    Variance  Std Dev  Tot Fit    Best
-----  -------  -------  -------  --------  -------  -------  -------
    0  0.30981  0.336419    0.324  1.63E-05  0.00404  162.145  0.336419
    1  0.318278  0.336419    0.327   9.8E-06  0.00313  163.546  0.336419
 1000  0.403846  0.526316    0.483   0.00095   0.0308   241.56  0.526316
 2000  0.418182  0.526316     0.48  0.000923   0.0304  240.176  0.526316
 3000  0.418182  0.526316    0.483  0.000901     0.03  241.575  0.526316
 4000  0.416667  0.526316    0.483  0.000894   0.0299  241.487  0.526316
 5000  0.410256  0.526316    0.483   0.00089   0.0298  241.445  0.526316
 6000  0.416667  0.526316    0.483  0.000979   0.0313   241.33  0.526316
 7000  0.422222  0.526316    0.482  0.000907   0.0301  241.096  0.526316
 8000  0.422222  0.526316    0.481  0.000945   0.0307  240.376  0.526316
 9000  0.416667  0.526316    0.485  0.000922   0.0304  242.458  0.526316
10000  0.416667  0.526316    0.483  0.000939   0.0306  241.651  0.526316

The specified number of iterations has been reached.

Best: 0 0 1 0 0 0 0 1 0 0 0 0 0 0 0 0 0 0 0 0
      0 0 0 0 0 0 0 0 0 0 0 0 0 0 1 0 0 0 0 0
      0 0 0 0 0 0 0 0 0 0 0 0 0 0 1 0 0 0 0 0
      0 0 0 0 0 0 0 0 0 0 0 0 0 0 0 0 0 0 0 0
      0 1 0 0 0 0 0 0 0 0 0 0 0 0 0 0 0 0 0 0
      0 0 0 0 0 0 0 0 0 0 1 0 0 0 0 0 0 0 0 0
      0 0 0 0 0 0 0 0 0 0 0 0 0 0 0 0 0 0 0 0
      0 1 0 0 0 0 0 0 1 0 0 0 0 0 0 0 0 0 1 0
      0 0 0 0 0 0 0 0 0 0 0  (0.526316)


Best chrom:  0.0000  0.0000  1.0000  0.0000  0.0000  0.0000  0.0000  1.0000  0.0000  0.0000  0.0000  0.0000  0.0000  0.0000  0.0000  0.0000  0.0000  0.0000  0.0000  0.0000  0.0000  0.0000  0.0000  0.0000  0.0000  0.0000  0.0000  0.0000  0.0000  0.0000  0.0000  0.0000  0.0000  0.0000  1.0000  0.0000  0.0000  0.0000  0.0000  0.0000  0.0000  0.0000  0.0000  0.0000  0.0000  0.0000  0.0000  0.0000  0.0000  0.0000  0.0000  0.0000  0.0000  0.0000  1.0000  0.0000  0.0000  0.0000  0.0000  0.0000  0.0000  0.0000  0.0000  0.0000  0.0000  0.0000  0.0000  0.0000  0.0000  0.0000  0.0000  0.0000  0.0000  0.0000  0.0000  0.0000  0.0000  0.0000  0.0000  0.0000  0.0000  1.0000  0.0000  0.0000  0.0000  0.0000  0.0000  0.0000  0.0000  0.0000  0.0000  0.0000  0.0000  0.0000  0.0000  0.0000  0.0000  0.0000  0.0000  0.0000  0.0000  0.0000  0.0000  0.0000  0.0000  0.0000  0.0000  0.0000  0.0000  0.0000  1.0000  0.0000  0.0000  0.0000  0.0000  0.0000  0.0000  0.0000  0.0000  0.0000  0.0000  0.0000  0.0000  0.0000  0.0000  0.0000  0.0000  0.0000  0.0000  0.0000  0.0000  0.0000  0.0000  0.0000  0.0000  0.0000  0.0000  0.0000  0.0000  0.0000  0.0000  1.0000  0.0000  0.0000  0.0000  0.0000  0.0000  0.0000  1.0000  0.0000  0.0000  0.0000  0.0000  0.0000  0.0000  0.0000  0.0000  0.0000  1.0000  0.0000  0.0000  0.0000  0.0000  0.0000  0.0000  0.0000  0.0000  0.0000  0.0000  0.0000  0.0000     (fitness: 0.526316)

------------------- ¡CLIQUE ENCONTRADO DE 9! :) -------------------

************************************
------------------------------------
************************************
Opening instancias/keller4.clq.txt (171 nodes, 9435 edges)

LibGA Version 1.00
(c) Copyright Arthur L. Corcoran, 1992, 1993.  All rights reserved.

GA Configuration Information:
-----------------------------
Basic Info
   Random Seed       : 1688
   Data Type         : Bit
   Init Pool Entered : Randomly
   Chromosome Length : 171
   Pool Size         : 500
   Number of Trials  : 10000 iterations, or until convergence
   Minimize          : No
   Elitism           : Yes
   Scale Factor      : 0

Functions
   GA          : generational (Gap = 0)
   Selection   : roulette
   Crossover   : simple (Rate = 1)
   Mutation    : simple_invert (Rate = 1)
   Replacement : append

Reports
   Type     : Short
   Interval : 1000
-----------------------------

Gener    Min      Max      Ave    Variance  Std Dev  Tot Fit    Best
-----  -------  -------  -------  --------  -------  -------  -------
    0  0.308991  0.337709    0.325  1.62E-05  0.00403   162.41  0.337709
    1  0.318127  0.337709    0.327  9.88E-06  0.00314  163.641  0.337709
 1000  0.424242  0.526316    0.483  0.000865   0.0294  241.469  0.526316
 2000  0.411111  0.526316    0.483  0.000811   0.0285  241.535  0.526316
 3000  0.411111  0.526316     0.48  0.000933   0.0305   240.03  0.526316
 4000  0.410714  0.526316     0.48  0.000891   0.0299  240.222  0.526316
 5000  0.416667  0.526316    0.485  0.000912   0.0302  242.477  0.526316
 6000  0.424242  0.526316    0.484  0.000888   0.0298  241.827  0.526316
 7000  0.422222  0.526316    0.484    0.0009     0.03  241.856  0.526316
 8000  0.418182  0.526316     0.48  0.000875   0.0296  239.791  0.526316
 9000  0.410714  0.526316    0.484  0.000879   0.0296  241.922  0.526316
10000  0.416667  0.526316     0.48  0.000876   0.0296  240.129  0.526316

The specified number of iterations has been reached.

Best: 0 0 0 1 0 0 0 0 0 0 0 0 0 0 1 0 0 0 0 1
      0 0 0 0 0 0 0 0 0 0 0 0 0 0 1 0 0 0 0 0
      0 0 0 0 0 0 0 0 0 0 0 0 0 0 0 0 0 0 1 0
      0 0 0 0 0 0 0 0 0 0 0 0 0 0 0 0 0 0 0 0
      1 0 0 0 0 0 0 0 0 0 1 0 0 0 0 0 0 0 0 0
      0 0 0 0 1 0 0 0 0 0 0 0 0 0 1 0 0 0 0 0
      0 0 0 0 0 0 0 0 0 0 0 0 0 0 0 0 0 0 0 0
      0 0 0 0 0 0 0 0 0 0 0 0 0 0 0 0 0 0 0 0
      0 0 0 0 0 0 0 0 0 0 0  (0.526316)


Best chrom:  0.0000  0.0000  0.0000  1.0000  0.0000  0.0000  0.0000  0.0000  0.0000  0.0000  0.0000  0.0000  0.0000  0.0000  1.0000  0.0000  0.0000  0.0000  0.0000  1.0000  0.0000  0.0000  0.0000  0.0000  0.0000  0.0000  0.0000  0.0000  0.0000  0.0000  0.0000  0.0000  0.0000  0.0000  1.0000  0.0000  0.0000  0.0000  0.0000  0.0000  0.0000  0.0000  0.0000  0.0000  0.0000  0.0000  0.0000  0.0000  0.0000  0.0000  0.0000  0.0000  0.0000  0.0000  0.0000  0.0000  0.0000  0.0000  1.0000  0.0000  0.0000  0.0000  0.0000  0.0000  0.0000  0.0000  0.0000  0.0000  0.0000  0.0000  0.0000  0.0000  0.0000  0.0000  0.0000  0.0000  0.0000  0.0000  0.0000  0.0000  1.0000  0.0000  0.0000  0.0000  0.0000  0.0000  0.0000  0.0000  0.0000  0.0000  1.0000  0.0000  0.0000  0.0000  0.0000  0.0000  0.0000  0.0000  0.0000  0.0000  0.0000  0.0000  0.0000  0.0000  1.0000  0.0000  0.0000  0.0000  0.0000  0.0000  0.0000  0.0000  0.0000  0.0000  1.0000  0.0000  0.0000  0.0000  0.0000  0.0000  0.0000  0.0000  0.0000  0.0000  0.0000  0.0000  0.0000  0.0000  0.0000  0.0000  0.0000  0.0000  0.0000  0.0000  0.0000  0.0000  0.0000  0.0000  0.0000  0.0000  0.0000  0.0000  0.0000  0.0000  0.0000  0.0000  0.0000  0.0000  0.0000  0.0000  0.0000  0.0000  0.0000  0.0000  0.0000  0.0000  0.0000  0.0000  0.0000  0.0000  0.0000  0.0000  0.0000  0.0000  0.0000  0.0000  0.0000  0.0000  0.0000  0.0000  0.0000     (fitness: 0.526316)

------------------- ¡CLIQUE ENCONTRADO DE 9! :) -------------------

************************************
------------------------------------
************************************
Opening instancias/keller4.clq.txt (171 nodes, 9435 edges)

LibGA Version 1.00
(c) Copyright Arthur L. Corcoran, 1992, 1993.  All rights reserved.

GA Configuration Information:
-----------------------------
Basic Info
   Random Seed       : 1689
   Data Type         : Bit
   Init Pool Entered : Randomly
   Chromosome Length : 171
   Pool Size         : 500
   Number of Trials  : 10000 iterations, or until convergence
   Minimize          : No
   Elitism           : Yes
   Scale Factor      : 0

Functions
   GA          : generational (Gap = 0)
   Selection   : roulette
   Crossover   : simple (Rate = 1)
   Mutation    : simple_invert (Rate = 1)
   Replacement : append

Reports
   Type     : Short
   Interval : 1000
-----------------------------

Gener    Min      Max      Ave    Variance  Std Dev  Tot Fit    Best
-----  -------  -------  -------  --------  -------  -------  -------
    0  0.312658  0.334768    0.325  1.46E-05  0.00382  162.412  0.334768
    1  0.319847  0.336598    0.327   8.5E-06  0.00291  163.481  0.336598
 1000  0.418182  0.526316    0.484  0.000897   0.0299  242.133  0.526316
 2000  0.416667  0.526316    0.481  0.000877   0.0296  240.562  0.526316
 3000  0.418182  0.526316    0.483  0.000874   0.0296  241.294  0.526316
 4000  0.424242  0.526316    0.484  0.000884   0.0297  242.109  0.526316
 5000  0.418182  0.526316     0.48  0.000835   0.0289  240.184  0.526316
 6000  0.422222  0.526316    0.482   0.00085   0.0291  240.959  0.526316
 7000  0.422222  0.526316    0.483   0.00086   0.0293  241.281  0.526316
 8000  0.409091  0.526316    0.486  0.000865   0.0294  242.768  0.526316
 9000  0.418182  0.526316    0.482  0.000917   0.0303  241.152  0.526316
10000  0.409091  0.526316    0.484  0.000873   0.0296  242.175  0.526316

The specified number of iterations has been reached.

Best: 0 0 0 0 0 1 0 0 0 0 0 0 0 0 0 0 0 0 0 0
      0 1 0 0 0 0 0 0 0 1 0 0 0 0 0 0 0 0 0 0
      0 0 0 0 0 0 0 0 0 0 0 0 0 0 0 0 0 0 0 0
      0 0 0 0 0 0 0 0 0 0 0 0 1 0 0 0 0 0 0 0
      0 0 1 0 0 0 0 0 0 0 0 0 0 0 0 0 0 0 0 0
      0 0 0 0 0 0 0 0 0 0 1 0 0 0 0 0 1 0 0 0
      0 0 0 0 0 0 0 0 0 0 0 0 0 0 0 0 0 0 1 0
      0 0 0 0 0 0 0 0 1 0 0 0 0 0 0 0 0 0 0 0
      0 0 0 0 0 0 0 0 0 0 0  (0.526316)


Best chrom:  0.0000  0.0000  0.0000  0.0000  0.0000  1.0000  0.0000  0.0000  0.0000  0.0000  0.0000  0.0000  0.0000  0.0000  0.0000  0.0000  0.0000  0.0000  0.0000  0.0000  0.0000  1.0000  0.0000  0.0000  0.0000  0.0000  0.0000  0.0000  0.0000  1.0000  0.0000  0.0000  0.0000  0.0000  0.0000  0.0000  0.0000  0.0000  0.0000  0.0000  0.0000  0.0000  0.0000  0.0000  0.0000  0.0000  0.0000  0.0000  0.0000  0.0000  0.0000  0.0000  0.0000  0.0000  0.0000  0.0000  0.0000  0.0000  0.0000  0.0000  0.0000  0.0000  0.0000  0.0000  0.0000  0.0000  0.0000  0.0000  0.0000  0.0000  0.0000  0.0000  1.0000  0.0000  0.0000  0.0000  0.0000  0.0000  0.0000  0.0000  0.0000  0.0000  1.0000  0.0000  0.0000  0.0000  0.0000  0.0000  0.0000  0.0000  0.0000  0.0000  0.0000  0.0000  0.0000  0.0000  0.0000  0.0000  0.0000  0.0000  0.0000  0.0000  0.0000  0.0000  0.0000  0.0000  0.0000  0.0000  0.0000  0.0000  1.0000  0.0000  0.0000  0.0000  0.0000  0.0000  1.0000  0.0000  0.0000  0.0000  0.0000  0.0000  0.0000  0.0000  0.0000  0.0000  0.0000  0.0000  0.0000  0.0000  0.0000  0.0000  0.0000  0.0000  0.0000  0.0000  0.0000  0.0000  1.0000  0.0000  0.0000  0.0000  0.0000  0.0000  0.0000  0.0000  0.0000  0.0000  1.0000  0.0000  0.0000  0.0000  0.0000  0.0000  0.0000  0.0000  0.0000  0.0000  0.0000  0.0000  0.0000  0.0000  0.0000  0.0000  0.0000  0.0000  0.0000  0.0000  0.0000  0.0000  0.0000     (fitness: 0.526316)

------------------- ¡CLIQUE ENCONTRADO DE 9! :) -------------------

************************************
------------------------------------
************************************
Opening instancias/keller4.clq.txt (171 nodes, 9435 edges)

LibGA Version 1.00
(c) Copyright Arthur L. Corcoran, 1992, 1993.  All rights reserved.

GA Configuration Information:
-----------------------------
Basic Info
   Random Seed       : 1690
   Data Type         : Bit
   Init Pool Entered : Randomly
   Chromosome Length : 171
   Pool Size         : 500
   Number of Trials  : 10000 iterations, or until convergence
   Minimize          : No
   Elitism           : Yes
   Scale Factor      : 0

Functions
   GA          : generational (Gap = 0)
   Selection   : roulette
   Crossover   : simple (Rate = 1)
   Mutation    : simple_invert (Rate = 1)
   Replacement : append

Reports
   Type     : Short
   Interval : 1000
-----------------------------

Gener    Min      Max      Ave    Variance  Std Dev  Tot Fit    Best
-----  -------  -------  -------  --------  -------  -------  -------
    0  0.311856  0.333235    0.324  1.57E-05  0.00397  162.214  0.333235
    1  0.318331  0.333386    0.327  7.48E-06  0.00273  163.394  0.333386
 1000  0.427273  0.526316    0.484  0.000894   0.0299  242.238  0.526316
 2000  0.416667  0.526316    0.482  0.000832   0.0288  240.882  0.526316
 3000  0.416667  0.526316    0.483  0.000836   0.0289  241.564  0.526316
 4000  0.423077  0.526316    0.485  0.000934   0.0306  242.258  0.526316
 5000  0.424242  0.526316    0.485    0.0009     0.03  242.434  0.526316
 6000  0.418182  0.526316    0.484   0.00086   0.0293  242.151  0.526316
 7000  0.424242  0.526316    0.482  0.000869   0.0295  241.205  0.526316
 8000  0.424242  0.526316    0.484  0.000875   0.0296  241.819  0.526316
 9000  0.418182  0.526316    0.484  0.000875   0.0296  241.858  0.526316
10000  0.418182  0.526316    0.484  0.000813   0.0285  241.919  0.526316

The specified number of iterations has been reached.

Best: 0 0 1 0 0 0 0 0 0 0 0 0 0 0 1 0 0 0 0 0
      1 0 0 0 0 0 0 0 0 0 0 0 0 0 0 0 0 0 0 0
      0 0 0 0 0 0 0 0 0 0 0 0 0 0 0 0 0 0 0 0
      0 0 0 0 0 0 0 0 0 0 0 0 0 0 0 0 0 0 0 0
      0 0 0 0 0 0 0 0 0 0 0 0 0 0 0 0 1 0 0 0
      0 0 0 0 1 0 0 0 0 0 1 0 0 0 0 0 0 0 1 0
      0 0 0 0 0 0 0 0 0 0 0 0 0 0 1 0 1 0 0 0
      0 0 0 0 0 0 0 0 0 0 0 0 0 0 0 0 0 0 0 0
      0 0 0 0 0 0 0 0 0 0 0  (0.526316)


Best chrom:  0.0000  0.0000  1.0000  0.0000  0.0000  0.0000  0.0000  0.0000  0.0000  0.0000  0.0000  0.0000  0.0000  0.0000  1.0000  0.0000  0.0000  0.0000  0.0000  0.0000  1.0000  0.0000  0.0000  0.0000  0.0000  0.0000  0.0000  0.0000  0.0000  0.0000  0.0000  0.0000  0.0000  0.0000  0.0000  0.0000  0.0000  0.0000  0.0000  0.0000  0.0000  0.0000  0.0000  0.0000  0.0000  0.0000  0.0000  0.0000  0.0000  0.0000  0.0000  0.0000  0.0000  0.0000  0.0000  0.0000  0.0000  0.0000  0.0000  0.0000  0.0000  0.0000  0.0000  0.0000  0.0000  0.0000  0.0000  0.0000  0.0000  0.0000  0.0000  0.0000  0.0000  0.0000  0.0000  0.0000  0.0000  0.0000  0.0000  0.0000  0.0000  0.0000  0.0000  0.0000  0.0000  0.0000  0.0000  0.0000  0.0000  0.0000  0.0000  0.0000  0.0000  0.0000  0.0000  0.0000  1.0000  0.0000  0.0000  0.0000  0.0000  0.0000  0.0000  0.0000  1.0000  0.0000  0.0000  0.0000  0.0000  0.0000  1.0000  0.0000  0.0000  0.0000  0.0000  0.0000  0.0000  0.0000  1.0000  0.0000  0.0000  0.0000  0.0000  0.0000  0.0000  0.0000  0.0000  0.0000  0.0000  0.0000  0.0000  0.0000  0.0000  0.0000  1.0000  0.0000  1.0000  0.0000  0.0000  0.0000  0.0000  0.0000  0.0000  0.0000  0.0000  0.0000  0.0000  0.0000  0.0000  0.0000  0.0000  0.0000  0.0000  0.0000  0.0000  0.0000  0.0000  0.0000  0.0000  0.0000  0.0000  0.0000  0.0000  0.0000  0.0000  0.0000  0.0000  0.0000  0.0000  0.0000  0.0000     (fitness: 0.526316)

------------------- ¡CLIQUE ENCONTRADO DE 9! :) -------------------

************************************
------------------------------------
************************************
Opening instancias/keller4.clq.txt (171 nodes, 9435 edges)

LibGA Version 1.00
(c) Copyright Arthur L. Corcoran, 1992, 1993.  All rights reserved.

GA Configuration Information:
-----------------------------
Basic Info
   Random Seed       : 1691
   Data Type         : Bit
   Init Pool Entered : Randomly
   Chromosome Length : 171
   Pool Size         : 500
   Number of Trials  : 10000 iterations, or until convergence
   Minimize          : No
   Elitism           : Yes
   Scale Factor      : 0

Functions
   GA          : generational (Gap = 0)
   Selection   : roulette
   Crossover   : simple (Rate = 1)
   Mutation    : simple_invert (Rate = 1)
   Replacement : append

Reports
   Type     : Short
   Interval : 1000
-----------------------------

Gener    Min      Max      Ave    Variance  Std Dev  Tot Fit    Best
-----  -------  -------  -------  --------  -------  -------  -------
    0  0.311681  0.339161    0.325  1.56E-05  0.00395  162.287  0.339161
    1  0.315751  0.339161    0.327  8.83E-06  0.00297  163.373  0.339161
 1000  0.410256  0.526316    0.484   0.00098   0.0313  242.011  0.526316
 2000  0.401515  0.526316     0.48  0.000892   0.0299  239.996  0.526316
 3000  0.416667  0.526316    0.482  0.000999   0.0316  241.003  0.526316
 4000  0.416667  0.526316    0.483  0.000974   0.0312  241.641  0.526316
 5000  0.416667  0.526316    0.479  0.000998   0.0316  239.382  0.526316
 6000  0.416667  0.526316    0.482  0.000966   0.0311  241.173  0.526316
 7000  0.416667  0.526316    0.478   0.00094   0.0307  238.879  0.526316
 8000  0.416667  0.526316    0.485   0.00102    0.032  242.279  0.526316
 9000  0.424242  0.526316    0.481  0.000917   0.0303   240.43  0.526316
10000      0.4  0.526316    0.477  0.000885   0.0297  238.481  0.526316

The specified number of iterations has been reached.

Best: 0 0 0 0 0 1 0 0 0 0 0 0 0 0 0 0 0 0 0 0
      0 1 0 0 0 0 0 0 0 0 0 0 0 0 0 0 0 0 1 0
      0 0 0 0 0 0 0 0 0 0 0 0 0 0 0 0 0 0 0 0
      0 0 0 0 0 0 1 0 0 0 0 0 1 0 0 0 0 0 0 0
      0 0 0 0 0 0 1 0 0 0 0 0 0 0 0 0 0 0 0 0
      0 0 0 0 0 0 0 0 0 0 0 0 0 0 0 0 1 0 0 0
      0 0 0 0 0 0 0 0 0 0 0 0 0 0 0 0 0 1 0 0
      0 0 0 0 0 0 0 0 0 0 0 0 0 0 0 0 1 0 0 0
      0 0 0 0 0 0 0 0 0 0 0  (0.526316)


Best chrom:  0.0000  0.0000  0.0000  0.0000  0.0000  1.0000  0.0000  0.0000  0.0000  0.0000  0.0000  0.0000  0.0000  0.0000  0.0000  0.0000  0.0000  0.0000  0.0000  0.0000  0.0000  1.0000  0.0000  0.0000  0.0000  0.0000  0.0000  0.0000  0.0000  0.0000  0.0000  0.0000  0.0000  0.0000  0.0000  0.0000  0.0000  0.0000  1.0000  0.0000  0.0000  0.0000  0.0000  0.0000  0.0000  0.0000  0.0000  0.0000  0.0000  0.0000  0.0000  0.0000  0.0000  0.0000  0.0000  0.0000  0.0000  0.0000  0.0000  0.0000  0.0000  0.0000  0.0000  0.0000  0.0000  0.0000  1.0000  0.0000  0.0000  0.0000  0.0000  0.0000  1.0000  0.0000  0.0000  0.0000  0.0000  0.0000  0.0000  0.0000  0.0000  0.0000  0.0000  0.0000  0.0000  0.0000  1.0000  0.0000  0.0000  0.0000  0.0000  0.0000  0.0000  0.0000  0.0000  0.0000  0.0000  0.0000  0.0000  0.0000  0.0000  0.0000  0.0000  0.0000  0.0000  0.0000  0.0000  0.0000  0.0000  0.0000  0.0000  0.0000  0.0000  0.0000  0.0000  0.0000  1.0000  0.0000  0.0000  0.0000  0.0000  0.0000  0.0000  0.0000  0.0000  0.0000  0.0000  0.0000  0.0000  0.0000  0.0000  0.0000  0.0000  0.0000  0.0000  0.0000  0.0000  1.0000  0.0000  0.0000  0.0000  0.0000  0.0000  0.0000  0.0000  0.0000  0.0000  0.0000  0.0000  0.0000  0.0000  0.0000  0.0000  0.0000  0.0000  0.0000  1.0000  0.0000  0.0000  0.0000  0.0000  0.0000  0.0000  0.0000  0.0000  0.0000  0.0000  0.0000  0.0000  0.0000  0.0000     (fitness: 0.526316)

------------------- ¡CLIQUE ENCONTRADO DE 9! :) -------------------

************************************
------------------------------------
************************************
Opening instancias/keller4.clq.txt (171 nodes, 9435 edges)

LibGA Version 1.00
(c) Copyright Arthur L. Corcoran, 1992, 1993.  All rights reserved.

GA Configuration Information:
-----------------------------
Basic Info
   Random Seed       : 1692
   Data Type         : Bit
   Init Pool Entered : Randomly
   Chromosome Length : 171
   Pool Size         : 500
   Number of Trials  : 10000 iterations, or until convergence
   Minimize          : No
   Elitism           : Yes
   Scale Factor      : 0

Functions
   GA          : generational (Gap = 0)
   Selection   : roulette
   Crossover   : simple (Rate = 1)
   Mutation    : simple_invert (Rate = 1)
   Replacement : append

Reports
   Type     : Short
   Interval : 1000
-----------------------------

Gener    Min      Max      Ave    Variance  Std Dev  Tot Fit    Best
-----  -------  -------  -------  --------  -------  -------  -------
    0  0.312823  0.338559    0.325  1.59E-05  0.00399  162.359  0.338559
    1  0.317787  0.338559    0.327  1.14E-05  0.00338  163.692  0.338559
 1000  0.411111  0.526316    0.482  0.000932   0.0305  240.967  0.526316
 2000  0.418182  0.526316     0.48  0.000896   0.0299  240.126  0.526316
 3000  0.422222  0.526316    0.482   0.00087   0.0295  241.236  0.526316
 4000  0.416667  0.526316    0.481  0.000938   0.0306  240.737  0.526316
 5000  0.434066  0.532164    0.489  0.000932   0.0305  244.251  0.532164
 6000  0.434066  0.532164    0.487  0.000934   0.0306  243.499  0.532164
 7000  0.434066  0.532164    0.487  0.000953   0.0309  243.667  0.532164
 8000  0.429487  0.532164     0.49  0.000955   0.0309  244.847  0.532164
 9000  0.419048  0.532164    0.489  0.000994   0.0315  244.314  0.532164
10000  0.431818  0.532164    0.491  0.000924   0.0304  245.695  0.532164

The specified number of iterations has been reached.

Best: 0 0 0 0 0 0 0 1 0 0 0 0 1 0 0 0 0 0 0 0
      0 0 0 0 0 0 0 0 0 0 0 0 0 0 1 0 0 0 0 0
      0 0 0 0 0 1 0 0 0 0 0 0 0 0 0 0 0 0 0 0
      0 0 0 0 0 0 0 1 0 0 0 0 0 0 0 0 0 0 0 0
      0 0 0 0 0 0 0 0 0 0 0 0 0 0 0 0 0 0 1 0
      0 0 0 0 1 0 0 0 0 0 0 0 0 0 0 0 0 0 1 0
      0 0 0 0 0 0 0 0 0 0 0 0 0 0 0 0 0 0 0 0
      1 0 0 0 0 0 0 0 0 0 0 0 0 0 0 0 0 0 1 0
      0 0 0 0 0 0 1 0 0 0 0  (0.532164)


Best chrom:  0.0000  0.0000  0.0000  0.0000  0.0000  0.0000  0.0000  1.0000  0.0000  0.0000  0.0000  0.0000  1.0000  0.0000  0.0000  0.0000  0.0000  0.0000  0.0000  0.0000  0.0000  0.0000  0.0000  0.0000  0.0000  0.0000  0.0000  0.0000  0.0000  0.0000  0.0000  0.0000  0.0000  0.0000  1.0000  0.0000  0.0000  0.0000  0.0000  0.0000  0.0000  0.0000  0.0000  0.0000  0.0000  1.0000  0.0000  0.0000  0.0000  0.0000  0.0000  0.0000  0.0000  0.0000  0.0000  0.0000  0.0000  0.0000  0.0000  0.0000  0.0000  0.0000  0.0000  0.0000  0.0000  0.0000  0.0000  1.0000  0.0000  0.0000  0.0000  0.0000  0.0000  0.0000  0.0000  0.0000  0.0000  0.0000  0.0000  0.0000  0.0000  0.0000  0.0000  0.0000  0.0000  0.0000  0.0000  0.0000  0.0000  0.0000  0.0000  0.0000  0.0000  0.0000  0.0000  0.0000  0.0000  0.0000  1.0000  0.0000  0.0000  0.0000  0.0000  0.0000  1.0000  0.0000  0.0000  0.0000  0.0000  0.0000  0.0000  0.0000  0.0000  0.0000  0.0000  0.0000  0.0000  0.0000  1.0000  0.0000  0.0000  0.0000  0.0000  0.0000  0.0000  0.0000  0.0000  0.0000  0.0000  0.0000  0.0000  0.0000  0.0000  0.0000  0.0000  0.0000  0.0000  0.0000  0.0000  0.0000  1.0000  0.0000  0.0000  0.0000  0.0000  0.0000  0.0000  0.0000  0.0000  0.0000  0.0000  0.0000  0.0000  0.0000  0.0000  0.0000  0.0000  0.0000  1.0000  0.0000  0.0000  0.0000  0.0000  0.0000  0.0000  0.0000  1.0000  0.0000  0.0000  0.0000  0.0000     (fitness: 0.532164)

------------------- ¡CLIQUE ENCONTRADO DE 11! :) -------------------

------------------- ¡Y ES EL MAXIMO CLIQUE! :) -------------------

************************************
------------------------------------
************************************
Opening instancias/keller4.clq.txt (171 nodes, 9435 edges)

LibGA Version 1.00
(c) Copyright Arthur L. Corcoran, 1992, 1993.  All rights reserved.

GA Configuration Information:
-----------------------------
Basic Info
   Random Seed       : 1693
   Data Type         : Bit
   Init Pool Entered : Randomly
   Chromosome Length : 171
   Pool Size         : 500
   Number of Trials  : 10000 iterations, or until convergence
   Minimize          : No
   Elitism           : Yes
   Scale Factor      : 0

Functions
   GA          : generational (Gap = 0)
   Selection   : roulette
   Crossover   : simple (Rate = 1)
   Mutation    : simple_invert (Rate = 1)
   Replacement : append

Reports
   Type     : Short
   Interval : 1000
-----------------------------

Gener    Min      Max      Ave    Variance  Std Dev  Tot Fit    Best
-----  -------  -------  -------  --------  -------  -------  -------
    0  0.310784  0.335441    0.324  1.55E-05  0.00393   162.13  0.335441
    1  0.315315  0.335494    0.326  1.01E-05  0.00318  163.228  0.335494
 1000  0.416667  0.526316    0.481  0.000916   0.0303  240.695  0.526316
 2000  0.418182  0.526316    0.482  0.000947   0.0308  240.933  0.526316
 3000  0.422222  0.526316    0.482  0.000898     0.03  240.879  0.526316
 4000  0.403846  0.526316    0.481  0.000954   0.0309  240.645  0.526316
 5000  0.411111  0.526316    0.481  0.000896   0.0299  240.537  0.526316
 6000  0.424242  0.526316    0.483  0.000929   0.0305    241.4  0.526316
 7000  0.418182  0.526316    0.481  0.000952   0.0308   240.41  0.526316
 8000  0.410256  0.526316    0.479  0.000911   0.0302  239.378  0.526316
 9000  0.416667  0.526316    0.479   0.00091   0.0302  239.568  0.526316
10000  0.418182  0.526316    0.481  0.000966   0.0311  240.674  0.526316

The specified number of iterations has been reached.

Best: 0 1 0 0 0 0 0 0 0 0 0 0 1 0 0 0 0 0 0 0
      0 0 0 0 0 0 0 0 0 0 0 0 1 0 0 0 0 0 0 0
      0 0 0 0 0 0 0 0 0 0 0 0 0 0 0 0 0 0 0 0
      0 0 0 0 0 0 0 0 0 0 0 0 0 0 0 0 0 0 1 0
      0 0 0 0 1 0 1 0 0 0 0 0 0 0 0 0 0 0 0 0
      0 0 0 0 1 0 0 0 0 0 0 0 0 1 0 0 0 0 0 0
      0 0 0 0 0 0 0 0 0 0 0 0 0 0 0 0 0 0 0 0
      0 0 0 0 0 0 0 0 0 0 0 0 0 0 0 0 0 1 0 0
      0 0 0 0 0 0 0 0 0 0 0  (0.526316)


Best chrom:  0.0000  1.0000  0.0000  0.0000  0.0000  0.0000  0.0000  0.0000  0.0000  0.0000  0.0000  0.0000  1.0000  0.0000  0.0000  0.0000  0.0000  0.0000  0.0000  0.0000  0.0000  0.0000  0.0000  0.0000  0.0000  0.0000  0.0000  0.0000  0.0000  0.0000  0.0000  0.0000  1.0000  0.0000  0.0000  0.0000  0.0000  0.0000  0.0000  0.0000  0.0000  0.0000  0.0000  0.0000  0.0000  0.0000  0.0000  0.0000  0.0000  0.0000  0.0000  0.0000  0.0000  0.0000  0.0000  0.0000  0.0000  0.0000  0.0000  0.0000  0.0000  0.0000  0.0000  0.0000  0.0000  0.0000  0.0000  0.0000  0.0000  0.0000  0.0000  0.0000  0.0000  0.0000  0.0000  0.0000  0.0000  0.0000  1.0000  0.0000  0.0000  0.0000  0.0000  0.0000  1.0000  0.0000  1.0000  0.0000  0.0000  0.0000  0.0000  0.0000  0.0000  0.0000  0.0000  0.0000  0.0000  0.0000  0.0000  0.0000  0.0000  0.0000  0.0000  0.0000  1.0000  0.0000  0.0000  0.0000  0.0000  0.0000  0.0000  0.0000  0.0000  1.0000  0.0000  0.0000  0.0000  0.0000  0.0000  0.0000  0.0000  0.0000  0.0000  0.0000  0.0000  0.0000  0.0000  0.0000  0.0000  0.0000  0.0000  0.0000  0.0000  0.0000  0.0000  0.0000  0.0000  0.0000  0.0000  0.0000  0.0000  0.0000  0.0000  0.0000  0.0000  0.0000  0.0000  0.0000  0.0000  0.0000  0.0000  0.0000  0.0000  0.0000  0.0000  0.0000  0.0000  1.0000  0.0000  0.0000  0.0000  0.0000  0.0000  0.0000  0.0000  0.0000  0.0000  0.0000  0.0000  0.0000  0.0000     (fitness: 0.526316)

------------------- ¡CLIQUE ENCONTRADO DE 9! :) -------------------

************************************
------------------------------------
************************************
